stoptorque goal_current current velocity position Fx Fy Fz Mx My Mz counterclock Time
0 100 0 0 3985 -0.0804358 -0.00537682 0.0346909 0.000302315 -0.00115263 -0.000104263 1 4
0 100 101 0 3985 -0.0369797 0.017767 0.0225601 0.00181437 -0.00041566 0.00199261 1 9
0 100 93 0 3986 -0.227228 -0.109331 0.0553398 0.00680244 -0.0127879 0.0133149 1 13
0 100 99 4 3989 -0.479221 -0.09412 0.0873795 0.00282383 -0.0333702 0.00202116 1 17
0 100 98 11 3992 -0.773241 -0.302782 0.462084 0.0103328 -0.0515778 0.000316069 1 22
0 100 100 21 3996 -1.18077 -0.515194 0.573351 0.0228473 -0.0811323 0.000678673 1 27
0 100 99 29 4002 -2.55823 -1.09487 0.113031 0.0430011 -0.125734 -0.00411789 1 31
0 100 103 40 4006 -3.80297 -0.749182 -0.204754 0.0448358 -0.174658 -0.00463501 1 36
0 100 102 48 4010 -4.70379 -0.835325 -0.691877 0.050913 -0.218653 -0.0260311 1 41
0 100 102 50 4012 -4.85006 -0.678183 -0.59479 0.0550536 -0.240891 -0.025819 1 45
0 100 99 46 4012 -4.40987 -0.593138 -1.14834 0.0530368 -0.255542 -0.0284598 1 50
0 100 100 38 4012 -3.46706 -0.332827 -1.63653 0.0391324 -0.265325 -0.0281596 1 55
0 100 99 28 4012 -3.01443 -0.161667 -1.71375 0.0358956 -0.266099 -0.0304722 1 60
0 100 99 17 4012 -2.78947 -0.0876865 -1.59843 0.0349185 -0.261753 -0.0298737 1 65
0 100 99 8 4012 -2.68343 -0.14744 -1.35864 0.0357625 -0.256546 -0.0276408 1 70
0 100 100 1 4012 -2.702 -0.177906 -1.48278 0.0346524 -0.253512 -0.0270597 1 75
0 100 100 0 4012 -2.80381 -0.231741 -1.49063 0.0377004 -0.25137 -0.0259181 1 80
0 100 100 0 4012 -2.70924 -0.22991 -1.44905 0.0371357 -0.249181 -0.0243415 1 85
0 100 100 0 4012 -2.74899 -0.28681 -1.45768 0.0370284 -0.247379 -0.0256244 1 90
0 100 99 0 4012 -2.72818 -0.241919 -1.49753 0.0376207 -0.245351 -0.0255912 1 95
0 100 100 0 4012 -2.7538 -0.260611 -1.56651 0.0366337 -0.245483 -0.0247152 1 100
0 100 99 0 4013 -2.76024 -0.274881 -1.46112 0.0377773 -0.244248 -0.0248304 1 105
0 100 100 0 4012 -2.72904 -0.249584 -1.52266 0.0374742 -0.243107 -0.0249085 1 110
0 100 99 0 4012 -2.77263 -0.26227 -1.50406 0.0376078 -0.243326 -0.0239423 1 115
0 100 100 0 4012 -2.73908 -0.2141 -1.46741 0.0383421 -0.24224 -0.0246507 1 120
0 100 100 0 4012 -2.75813 -0.298431 -1.58413 0.0369835 -0.24144 -0.0242861 1 125
0 100 99 0 4012 -2.70154 -0.277918 -1.51262 0.0380419 -0.240154 -0.0245326 1 130
0 100 99 0 4012 -2.7494 -0.225498 -1.56027 0.0374357 -0.241524 -0.0235696 1 135
0 100 99 0 4012 -2.71584 -0.250376 -1.49188 0.0385133 -0.238232 -0.0236324 1 140
0 100 99 0 4012 -2.72811 -0.286436 -1.50641 0.0361285 -0.238782 -0.0242012 1 145
0 100 100 0 4012 -2.73457 -0.308361 -1.61586 0.0382546 -0.238257 -0.0238643 1 150
0 100 100 0 4012 -2.71131 -0.221395 -1.58129 0.0374286 -0.237716 -0.02452 1 155
0 100 100 0 4012 -2.74419 -0.313553 -1.6195 0.0368787 -0.237569 -0.0238198 1 160
0 100 100 0 4012 -2.66783 -0.236906 -1.56427 0.0380343 -0.236009 -0.0243939 1 165
0 100 99 0 4012 -2.77901 -0.290216 -1.61949 0.0375986 -0.236783 -0.0242361 1 170
0 100 100 0 4012 -2.70131 -0.264654 -1.59691 0.0382607 -0.234625 -0.0239916 1 175
0 100 100 0 4012 -2.73179 -0.295895 -1.63228 0.0367154 -0.235594 -0.0237862 1 179
0 100 99 0 4012 -2.7103 -0.287239 -1.63403 0.0382501 -0.235726 -0.0237972 1 183
0 100 99 0 4012 -2.65592 -0.261196 -1.61655 0.0384704 -0.235052 -0.0235105 1 188
0 100 99 0 4012 -2.69778 -0.300039 -1.68959 0.0374471 -0.233682 -0.0235917 1 192
0 100 100 0 4012 -2.69998 -0.254278 -1.62804 0.0369606 -0.234254 -0.0233582 1 196
0 100 99 0 4012 -2.7071 -0.301117 -1.61423 0.0370599 -0.234282 -0.0231975 1 200
0 100 99 0 4012 -2.75167 -0.304743 -1.68867 0.0389099 -0.232981 -0.0235848 1 205
0 100 99 0 4012 -2.68839 -0.215425 -1.57458 0.0376554 -0.232754 -0.0234018 1 210
0 100 98 0 4012 -2.69326 -0.306047 -1.57765 0.0387151 -0.233882 -0.0233293 1 214
0 100 99 0 4012 -2.66554 -0.324791 -1.61353 0.0375962 -0.232559 -0.0239694 1 219
0 100 100 0 4012 -2.74694 -0.300995 -1.68332 0.0382559 -0.232369 -0.0238677 1 225
0 100 100 0 4012 -2.6439 -0.254885 -1.62556 0.0379822 -0.231856 -0.0233171 1 230
0 100 99 0 4013 -2.69312 -0.311602 -1.58883 0.038391 -0.232864 -0.0235094 1 235
0 100 99 0 4012 -2.64119 -0.248167 -1.59301 0.0382066 -0.229993 -0.0234256 1 240
0 100 99 0 4012 -2.72305 -0.29166 -1.60856 0.0381341 -0.231246 -0.0234307 1 245
0 100 100 0 4012 -2.63043 -0.281387 -1.68552 0.0388129 -0.230612 -0.0234493 1 250
0 100 99 0 4012 -2.67943 -0.348932 -1.63655 0.0374119 -0.230296 -0.0233688 1 256
0 100 100 0 4012 -2.65861 -0.268579 -1.56884 0.0369723 -0.23036 -0.0235252 1 261
0 100 99 0 4012 -2.63592 -0.289427 -1.61921 0.0382296 -0.228943 -0.0234418 1 266
0 100 99 0 4012 -2.68252 -0.249634 -1.66752 0.0384429 -0.231108 -0.0231837 1 271
0 100 99 0 4012 -2.65375 -0.322823 -1.65304 0.0379008 -0.229745 -0.0232381 1 276
0 100 100 0 4012 -2.66984 -0.253199 -1.59233 0.0373397 -0.228834 -0.0236458 1 280
0 100 99 0 4012 -2.68871 -0.228687 -1.68299 0.0380304 -0.229187 -0.0233382 1 284
0 100 100 0 4012 -2.73953 -0.294411 -1.66801 0.0374266 -0.228128 -0.0232136 1 288
0 100 99 0 4012 -2.71393 -0.304409 -1.65468 0.0377184 -0.228054 -0.023742 1 292
0 100 99 0 4012 -2.64751 -0.284328 -1.62075 0.0393455 -0.227922 -0.0230959 1 296
0 100 100 0 4012 -2.66637 -0.265242 -1.68583 0.038533 -0.227001 -0.0236103 1 300
0 100 99 0 4012 -2.67177 -0.238691 -1.75297 0.0373068 -0.227771 -0.0236315 1 304
0 100 99 0 4012 -2.71576 -0.282972 -1.66212 0.0370377 -0.227431 -0.022683 1 308
0 100 100 0 4012 -2.68878 -0.293268 -1.67097 0.0378217 -0.227021 -0.0233613 1 312
0 100 99 0 4012 -2.64384 -0.284586 -1.60344 0.0389841 -0.226892 -0.0233347 1 316
0 100 100 0 4012 -2.66398 -0.25699 -1.6872 0.0383838 -0.225244 -0.0233443 1 320
0 100 100 0 4012 -2.65731 -0.246201 -1.72012 0.0378132 -0.227004 -0.0234586 1 324
0 100 99 0 4012 -2.68961 -0.260431 -1.64736 0.0374979 -0.227517 -0.0226526 1 328
0 100 99 0 4012 -2.6936 -0.303328 -1.68531 0.0375814 -0.226109 -0.0231163 1 332
0 100 99 0 4012 -2.67776 -0.296188 -1.68087 0.0391436 -0.226267 -0.0232344 1 336
0 100 100 0 4012 -2.65349 -0.264879 -1.69349 0.0386322 -0.225199 -0.0238256 1 340
0 100 100 0 4012 -2.63896 -0.23011 -1.71042 0.0380996 -0.22631 -0.0229556 1 344
0 100 99 0 4012 -2.67716 -0.249477 -1.66962 0.0375677 -0.22655 -0.0226911 1 348
0 100 100 0 4012 -2.70337 -0.329872 -1.72661 0.03769 -0.225459 -0.0227713 1 352
0 100 99 0 4012 -2.66717 -0.312037 -1.69954 0.0384585 -0.225225 -0.0231275 1 356
0 100 99 0 4012 -2.65033 -0.259291 -1.70905 0.0387176 -0.22452 -0.0230522 1 360
0 100 100 0 4012 -2.63996 -0.227518 -1.71481 0.0376905 -0.226143 -0.023152 1 364
0 100 99 0 4013 -2.66825 -0.288694 -1.74306 0.0371039 -0.225788 -0.0228737 1 368
0 100 100 0 4012 -2.69004 -0.327322 -1.73221 0.0378758 -0.224849 -0.0228287 1 372
0 100 100 0 4013 -2.64876 -0.323038 -1.69003 0.0383047 -0.224952 -0.0225073 1 376
0 100 98 0 4012 -2.64361 -0.276613 -1.71972 0.0388408 -0.223589 -0.0229296 1 380
0 100 100 0 4012 -2.62776 -0.264109 -1.76709 0.0381672 -0.224629 -0.0232546 1 384
0 100 100 0 4012 -2.6478 -0.273361 -1.70794 0.0374489 -0.224982 -0.022722 1 388
0 100 100 0 4012 -2.66935 -0.298244 -1.70094 0.0375094 -0.224849 -0.0221295 1 392
0 100 100 0 4012 -2.65409 -0.33161 -1.67978 0.038283 -0.224294 -0.0225694 1 396
0 100 99 0 4012 -2.65499 -0.285334 -1.7157 0.0385722 -0.222576 -0.0231889 1 400
0 100 100 0 4012 -2.63087 -0.245941 -1.74391 0.0387634 -0.224259 -0.0230522 1 404
0 100 100 0 4013 -2.63078 -0.284922 -1.72188 0.0372828 -0.225339 -0.0226888 1 408
0 100 99 0 4012 -2.68354 -0.329824 -1.68844 0.0374342 -0.223876 -0.0224332 1 412
0 100 100 0 4012 -2.64185 -0.349432 -1.69684 0.0382534 -0.222893 -0.0227189 1 416
0 100 99 0 4012 -2.64755 -0.294672 -1.71944 0.0391423 -0.222437 -0.0229572 1 420
0 100 99 0 4012 -2.60986 -0.239599 -1.70999 0.0386531 -0.224153 -0.0228717 1 424
0 100 99 0 4012 -2.66232 -0.284414 -1.69899 0.0367134 -0.223842 -0.0224128 1 428
0 100 100 0 4012 -2.69051 -0.333712 -1.70414 0.0375147 -0.222448 -0.0228409 1 432
0 100 100 0 4012 -2.6347 -0.330563 -1.71159 0.0386328 -0.222552 -0.0226431 1 436
0 100 99 0 4012 -2.63765 -0.291195 -1.71556 0.0387708 -0.221896 -0.022912 1 440
0 100 100 0 4012 -2.62464 -0.231693 -1.77985 0.0384768 -0.223235 -0.022729 1 444
0 100 99 0 4012 -2.6715 -0.283237 -1.71578 0.0376824 -0.223622 -0.0227406 1 448
0 100 100 0 4012 -2.68306 -0.310686 -1.7184 0.0383153 -0.221916 -0.0226595 1 452
0 100 99 0 4012 -2.64666 -0.309191 -1.70665 0.0385149 -0.221817 -0.0224099 1 456
0 100 99 0 4012 -2.62931 -0.256941 -1.6692 0.0384026 -0.221678 -0.0230953 1 460
0 100 100 0 4012 -2.66454 -0.241428 -1.73367 0.038009 -0.222247 -0.0230008 1 464
0 100 99 0 4012 -2.6949 -0.307777 -1.66953 0.0378463 -0.221806 -0.0227644 1 468
0 100 99 0 4012 -2.67582 -0.276705 -1.70578 0.0380456 -0.221119 -0.0233924 1 472
0 100 100 0 4012 -2.63719 -0.23251 -1.66104 0.0389386 -0.221983 -0.02296 1 476
0 100 98 0 4012 -2.63506 -0.270533 -1.67361 0.036997 -0.222174 -0.0230958 1 480
0 100 99 0 4012 -2.6781 -0.283077 -1.7443 0.0379326 -0.221817 -0.0232451 1 484
0 100 100 0 4012 -2.6353 -0.326401 -1.68044 0.0381657 -0.2215 -0.0227616 1 489
0 100 100 0 4012 -2.61543 -0.286985 -1.77107 0.0369126 -0.220393 -0.0225381 1 493
0 100 99 0 4012 -2.68763 -0.275215 -1.77575 0.038542 -0.221344 -0.0223653 1 497
0 100 99 0 4012 -2.6436 -0.279776 -1.74523 0.0391164 -0.221413 -0.0222084 1 502
0 100 100 0 4012 -2.62115 -0.276716 -1.75628 0.0381109 -0.220739 -0.0234626 1 507
0 100 100 0 4012 -2.67337 -0.333109 -1.73973 0.0387199 -0.21966 -0.0226382 1 512
0 100 100 0 4012 -2.64279 -0.300053 -1.78345 0.0376899 -0.220654 -0.0226284 1 517
0 100 99 0 4012 -2.63648 -0.299587 -1.70931 0.0386856 -0.221277 -0.022218 1 521
0 100 100 0 4012 -2.61826 -0.273615 -1.69441 0.0383749 -0.220147 -0.0237612 1 525
0 100 100 0 4012 -2.66595 -0.262794 -1.67952 0.0376372 -0.220953 -0.0236285 1 529
0 100 99 0 4012 -2.64363 -0.287735 -1.67679 0.0388715 -0.222495 -0.0227619 1 533
0 100 99 0 4012 -2.61179 -0.315588 -1.70396 0.0388254 -0.22041 -0.0230833 1 537
0 100 100 0 4012 -2.58013 -0.294312 -1.71798 0.0381448 -0.220755 -0.0225346 1 541
0 100 98 0 4012 -2.62477 -0.302423 -1.7862 0.0374053 -0.220247 -0.0230828 1 545
0 100 99 0 4012 -2.65514 -0.309952 -1.72442 0.0389457 -0.221116 -0.0222176 1 549
0 100 100 0 4012 -2.61112 -0.282579 -1.71941 0.039287 -0.219674 -0.022223 1 553
0 100 99 0 4012 -2.61777 -0.302219 -1.79411 0.0371606 -0.218577 -0.0227533 1 557
0 100 100 0 4012 -2.65246 -0.249968 -1.78853 0.0381298 -0.220253 -0.0223607 1 561
0 100 99 0 4012 -2.6466 -0.26589 -1.72222 0.0390139 -0.219923 -0.0217301 1 565
0 100 99 0 4012 -2.59857 -0.306902 -1.76741 0.0392978 -0.22029 -0.023498 1 570
0 100 99 0 4012 -2.63931 -0.27033 -1.77153 0.0387532 -0.221202 -0.0223706 1 574
0 100 100 0 4012 -2.65637 -0.245651 -1.66335 0.0387988 -0.218999 -0.0225968 1 580
0 100 100 0 4012 -2.64819 -0.313194 -1.79275 0.0382777 -0.219979 -0.0224825 1 584
0 100 100 0 4012 -2.64415 -0.242769 -1.72228 0.037612 -0.219984 -0.0220005 1 590
0 100 99 0 4012 -2.66384 -0.332129 -1.7324 0.0379385 -0.218379 -0.0228331 1 594
0 100 99 0 4012 -2.68606 -0.284979 -1.78689 0.0386107 -0.218843 -0.0228229 1 600
0 100 99 0 4012 -2.59757 -0.321959 -1.66175 0.0389231 -0.219518 -0.0223203 1 605
0 100 98 0 4012 -2.6412 -0.303432 -1.79128 0.0369904 -0.219292 -0.0228032 1 610
0 100 100 0 4012 -2.60874 -0.304638 -1.75171 0.0388244 -0.218112 -0.0237748 1 615
0 100 100 0 4012 -2.58116 -0.300165 -1.71194 0.0383817 -0.219131 -0.0231198 1 620
0 100 100 0 4012 -2.58642 -0.256983 -1.73417 0.0380995 -0.219289 -0.0224916 1 625
0 100 100 0 4012 -2.61034 -0.298895 -1.67037 0.0390643 -0.218585 -0.0222516 1 630
0 100 100 0 4012 -2.62236 -0.308779 -1.75666 0.0371206 -0.219091 -0.0224468 1 635
0 100 100 0 4012 -2.60867 -0.29574 -1.74899 0.038825 -0.217737 -0.02326 1 640
0 100 99 0 4012 -2.68771 -0.285349 -1.81297 0.0389639 -0.218445 -0.0229035 1 645
0 100 99 0 4012 -2.6302 -0.230501 -1.79947 0.0376923 -0.217966 -0.0220599 1 650
0 100 99 0 4013 -2.59748 -0.321272 -1.73295 0.0389632 -0.218563 -0.0225027 1 655
0 100 99 0 4012 -2.6239 -0.30617 -1.70019 0.0376345 -0.21802 -0.0226822 1 660
0 100 99 0 4013 -2.57913 -0.27516 -1.78206 0.0385692 -0.216703 -0.0227026 1 665
0 100 100 0 4012 -2.61545 -0.327513 -1.82055 0.0387543 -0.218161 -0.0226767 1 670
0 100 100 0 4012 -2.65337 -0.246904 -1.76345 0.0385362 -0.217854 -0.0230324 1 675
0 100 100 0 4012 -2.58723 -0.296049 -1.71273 0.0389661 -0.21715 -0.0220778 1 680
0 100 100 0 4012 -2.64707 -0.327467 -1.74311 0.038173 -0.218195 -0.022782 1 684
0 100 100 0 4013 -2.62062 -0.303684 -1.75075 0.0377582 -0.218061 -0.0225682 1 690
0 100 100 0 4012 -2.67126 -0.331573 -1.81101 0.0385232 -0.217469 -0.0224851 1 695
0 100 100 0 4012 -2.62959 -0.285631 -1.74004 0.0379288 -0.218125 -0.0225834 1 700
0 100 100 0 4012 -2.5873 -0.248009 -1.74032 0.038776 -0.216546 -0.0221943 1 705
0 100 99 0 4012 -2.64198 -0.319775 -1.84208 0.038481 -0.217697 -0.0223307 1 710
0 100 99 0 4012 -2.59645 -0.289587 -1.7494 0.0379742 -0.217306 -0.0232102 1 715
0 100 99 0 4012 -2.64173 -0.306005 -1.78945 0.0384723 -0.215701 -0.0225171 1 720
0 100 98 0 4012 -2.61603 -0.31341 -1.78349 0.0375915 -0.217208 -0.0218435 1 725
0 100 99 0 4012 -2.68913 -0.257244 -1.83933 0.0392835 -0.216357 -0.0223369 1 730
0 100 99 0 4012 -2.63062 -0.292294 -1.75681 0.0388877 -0.216609 -0.0219123 1 735
0 100 99 0 4012 -2.63186 -0.313814 -1.68763 0.0383424 -0.216228 -0.0220839 1 740
0 100 100 0 4012 -2.58919 -0.305628 -1.76666 0.0389872 -0.216392 -0.0234828 1 745
0 100 100 0 4012 -2.6732 -0.263071 -1.80131 0.0388751 -0.216252 -0.0223276 1 750
0 100 100 0 4012 -2.59847 -0.252764 -1.76315 0.0385036 -0.216109 -0.0221706 1 755
0 100 100 0 4012 -2.55467 -0.265911 -1.81966 0.0386908 -0.216957 -0.0224832 1 760
0 100 100 0 4012 -2.6231 -0.323423 -1.78666 0.0370332 -0.216266 -0.0216562 1 765
0 100 99 0 4012 -2.634 -0.237312 -1.75081 0.0389235 -0.216393 -0.0221967 1 770
0 100 99 0 4012 -2.64502 -0.299406 -1.75112 0.0383084 -0.217555 -0.0223178 1 775
0 100 99 0 4012 -2.67032 -0.313873 -1.78389 0.0382545 -0.215699 -0.0229219 1 781
0 100 99 0 4012 -2.60743 -0.302927 -1.81338 0.0376472 -0.215077 -0.0229573 1 786
0 100 99 0 4012 -2.60028 -0.342108 -1.74675 0.0375866 -0.216352 -0.0219995 1 791
0 100 100 0 4012 -2.59773 -0.275259 -1.76375 0.0369555 -0.216557 -0.0223955 1 796
0 100 100 0 4012 -2.57003 -0.29244 -1.73064 0.0379446 -0.215822 -0.0226171 1 801
0 100 99 0 4012 -2.62966 -0.308924 -1.84828 0.0386595 -0.216748 -0.0221642 1 806
0 100 100 0 4012 -2.58762 -0.284241 -1.80046 0.0378426 -0.215859 -0.0224276 1 811
0 100 99 0 4013 -2.6039 -0.284712 -1.70979 0.0386693 -0.215847 -0.0222218 1 816
0 100 99 0 4012 -2.6172 -0.286938 -1.80843 0.0378917 -0.215675 -0.0217448 1 821
0 100 99 0 4012 -2.54709 -0.295752 -1.80017 0.0385743 -0.215559 -0.0229304 1 826
0 100 100 0 4012 -2.6166 -0.298681 -1.79314 0.038465 -0.214628 -0.0229803 1 831
0 100 100 0 4012 -2.62566 -0.311008 -1.88748 0.0375831 -0.215341 -0.0219653 1 836
0 100 100 0 4012 -2.5759 -0.296907 -1.79443 0.0380602 -0.215732 -0.0226148 1 841
0 100 99 0 4012 -2.59868 -0.323139 -1.7113 0.0382183 -0.215103 -0.022021 1 846
0 100 98 0 4012 -2.61486 -0.314522 -1.71879 0.036523 -0.215703 -0.0216537 1 851
0 100 98 0 4012 -2.55493 -0.319864 -1.8103 0.0385197 -0.214653 -0.0227082 1 856
0 100 99 0 4012 -2.61899 -0.317896 -1.81251 0.0381887 -0.215697 -0.0228243 1 861
0 100 100 0 4012 -2.60833 -0.235941 -1.79394 0.0376722 -0.215118 -0.0223879 1 866
0 100 100 0 4012 -2.56296 -0.288012 -1.83458 0.0391226 -0.215127 -0.0216449 1 871
0 100 100 0 4012 -2.59252 -0.318649 -1.71115 0.0390648 -0.216175 -0.0216766 1 876
0 100 100 0 4012 -2.62609 -0.289604 -1.78234 0.0371289 -0.214461 -0.0222369 1 881
0 100 99 0 4012 -2.58447 -0.290266 -1.79631 0.0390426 -0.213759 -0.0224044 1 886
0 100 99 0 4012 -2.65282 -0.330023 -1.84523 0.0381775 -0.215091 -0.0219691 1 891
0 100 100 0 4013 -2.58189 -0.250391 -1.77462 0.0383692 -0.215586 -0.0220257 1 896
0 100 99 0 4012 -2.58413 -0.219473 -1.70506 0.0392269 -0.214409 -0.0222823 1 901
0 100 100 0 4012 -2.62426 -0.295382 -1.829 0.0387545 -0.213999 -0.0222779 1 906
0 100 100 0 4012 -2.6228 -0.301498 -1.81963 0.037254 -0.214171 -0.0223435 1 911
0 100 100 0 4012 -2.58137 -0.301058 -1.82811 0.0386716 -0.213351 -0.0230162 1 916
0 100 99 0 4012 -2.6477 -0.320097 -1.80253 0.0384557 -0.214456 -0.0220964 1 921
0 100 99 0 4012 -2.63191 -0.239674 -1.86015 0.0380656 -0.214203 -0.021734 1 926
0 100 99 0 4012 -2.5665 -0.287207 -1.81338 0.0386595 -0.214501 -0.0224128 1 931
0 100 99 0 4012 -2.60373 -0.342829 -1.75828 0.0388613 -0.213937 -0.0222475 1 935
0 100 100 0 4012 -2.59745 -0.31197 -1.80376 0.037233 -0.214159 -0.0221958 1 940
0 100 100 0 4012 -2.62282 -0.314684 -1.79914 0.0384634 -0.214505 -0.022913 1 945
0 100 99 0 4012 -2.58757 -0.333864 -1.84346 0.0394877 -0.213913 -0.0218459 1 950
0 100 100 0 4012 -2.55874 -0.24365 -1.82099 0.0385405 -0.214134 -0.0223041 1 955
0 100 99 0 4012 -2.58114 -0.282621 -1.83267 0.0373949 -0.213045 -0.0223061 1 960
0 100 99 0 4012 -2.62002 -0.299934 -1.72725 0.0380363 -0.214398 -0.022705 1 965
0 100 98 0 4012 -2.58858 -0.31521 -1.83178 0.0375248 -0.213933 -0.0220805 1 970
0 100 99 0 4012 -2.59338 -0.329432 -1.89531 0.0397338 -0.212859 -0.0222004 1 975
0 100 100 0 4013 -2.58884 -0.308065 -1.76024 0.0384293 -0.21236 -0.0220496 1 980
0 100 100 0 4012 -2.58049 -0.250216 -1.77684 0.0378706 -0.213314 -0.0224264 1 985
0 100 100 0 4012 -2.55628 -0.291004 -1.81728 0.0378845 -0.214001 -0.0221414 1 991
0 100 99 0 4012 -2.55519 -0.325544 -1.73972 0.0389903 -0.214126 -0.0217315 1 996
0 100 100 0 4012 -2.62327 -0.256756 -1.78889 0.0380497 -0.213627 -0.0213145 1 1000
0 100 99 0 4012 -2.60854 -0.30183 -1.77969 0.0380943 -0.211796 -0.0224213 1 1005
0 100 100 0 4012 -2.58721 -0.318659 -1.80552 0.038873 -0.213438 -0.0227858 1 1010
0 100 100 0 4012 -2.54805 -0.272686 -1.7644 0.0377617 -0.213167 -0.0221045 1 1015
0 100 99 0 4012 -2.56035 -0.271381 -1.82621 0.038424 -0.213497 -0.0217696 1 1021
0 100 100 0 4012 -2.54908 -0.319597 -1.79989 0.0390962 -0.213917 -0.0220022 1 1026
0 100 100 0 4012 -2.61345 -0.279537 -1.74709 0.0384343 -0.214179 -0.0221165 1 1030
0 100 99 0 4012 -2.56569 -0.346586 -1.77358 0.038027 -0.213136 -0.0222404 1 1035
0 100 100 0 4012 -2.59546 -0.302694 -1.8827 0.0393578 -0.212158 -0.0223012 1 1041
0 100 99 0 4012 -2.64925 -0.306292 -1.84241 0.0385864 -0.213887 -0.0224908 1 1045
0 100 99 0 4012 -2.58564 -0.250929 -1.79953 0.0381116 -0.21385 -0.0228138 1 1051
0 100 99 0 4012 -2.56342 -0.267719 -1.75656 0.0391967 -0.212604 -0.0218467 1 1056
0 100 99 0 4012 -2.60287 -0.313683 -1.8539 0.0382555 -0.212516 -0.0222942 1 1061
0 100 99 0 4012 -2.57487 -0.324785 -1.8733 0.0375773 -0.212279 -0.0230447 1 1065
0 100 100 0 4012 -2.56586 -0.284626 -1.81671 0.0374141 -0.212823 -0.0216616 1 1072
0 100 99 0 4012 -2.54092 -0.308157 -1.84833 0.0384252 -0.211639 -0.0223964 1 1077
0 100 99 0 4012 -2.62281 -0.332287 -1.81756 0.0385557 -0.213253 -0.0227226 1 1082
0 100 100 0 4012 -2.5943 -0.243475 -1.80407 0.0381093 -0.212821 -0.0223202 1 1087
0 100 100 0 4012 -2.5162 -0.261314 -1.82356 0.039108 -0.212646 -0.0213561 1 1092
0 100 99 0 4012 -2.59472 -0.308945 -1.76275 0.0390399 -0.213431 -0.0212941 1 1096
0 100 100 0 4012 -2.623 -0.301725 -1.79751 0.0374358 -0.212618 -0.0220955 1 1101
0 100 100 0 4012 -2.58389 -0.33359 -1.87194 0.0392773 -0.212031 -0.0218576 1 1106
0 100 99 0 4012 -2.5617 -0.313229 -1.81795 0.0384823 -0.211705 -0.0219067 1 1112
0 100 99 0 4012 -2.60696 -0.289011 -1.82034 0.0388017 -0.213648 -0.0212793 1 1117
0 100 99 0 4012 -2.55846 -0.25095 -1.77423 0.0387088 -0.212682 -0.0218918 1 1122
0 100 99 0 4012 -2.58455 -0.304909 -1.75309 0.039201 -0.211595 -0.0216146 1 1126
0 100 100 0 4013 -2.59339 -0.293188 -1.82952 0.0375136 -0.212375 -0.0218772 1 1132
0 100 100 0 4012 -2.54675 -0.302559 -1.86057 0.038296 -0.212772 -0.0220131 1 1137
0 100 99 0 4012 -2.56933 -0.286692 -1.8014 0.0393045 -0.211677 -0.0226674 1 1142
0 100 99 0 4012 -2.64453 -0.283737 -1.80704 0.0392467 -0.212194 -0.0222021 1 1146
0 100 99 0 4012 -2.56923 -0.264442 -1.86209 0.0378398 -0.211546 -0.0221514 1 1152
0 100 99 0 4012 -2.52445 -0.316595 -1.82004 0.0385059 -0.212116 -0.0215249 1 1157
0 100 99 0 4012 -2.56981 -0.326015 -1.79474 0.0394212 -0.212454 -0.022131 1 1162
0 100 99 0 4013 -2.61832 -0.257343 -1.79234 0.0382458 -0.211965 -0.0221065 1 1166
0 100 99 0 4012 -2.58092 -0.325422 -1.84376 0.0371599 -0.211987 -0.0224897 1 1173
0 100 99 0 4012 -2.56801 -0.304308 -1.83782 0.038464 -0.210873 -0.0230953 1 1177
0 100 99 0 4012 -2.60016 -0.305719 -1.78924 0.0382758 -0.210191 -0.0224123 1 1183
0 100 100 0 4012 -2.59819 -0.313236 -1.83413 0.0380241 -0.211462 -0.0212157 1 1188
0 100 100 0 4012 -2.58237 -0.269827 -1.87412 0.0381349 -0.211383 -0.0218849 1 1193
0 100 100 0 4012 -2.55414 -0.30842 -1.84502 0.038718 -0.211123 -0.0223933 1 1198
0 100 100 0 4012 -2.59989 -0.328571 -1.80019 0.0382534 -0.211101 -0.0224155 1 1203
0 100 99 0 4012 -2.60258 -0.306566 -1.80003 0.0369347 -0.210822 -0.0216119 1 1208
0 100 99 0 4012 -2.5283 -0.269434 -1.83027 0.0380636 -0.210621 -0.0217656 1 1213
0 100 100 0 4012 -2.57542 -0.320229 -1.82803 0.039361 -0.210409 -0.0223427 1 1218
0 100 99 0 4013 -2.62584 -0.321201 -1.87437 0.038542 -0.210971 -0.0222512 1 1223
0 100 99 0 4012 -2.5713 -0.301579 -1.80985 0.0379965 -0.21124 -0.0225403 1 1227
0 100 100 0 4012 -2.56816 -0.262159 -1.78199 0.0384988 -0.210572 -0.0218458 1 1233
0 100 99 0 4012 -2.58153 -0.304945 -1.84836 0.0383838 -0.211008 -0.0216819 1 1238
0 100 100 0 4012 -2.59258 -0.332125 -1.8529 0.0371634 -0.210817 -0.0221537 1 1243
0 100 100 0 4012 -2.54268 -0.294571 -1.86061 0.0387011 -0.211066 -0.0224484 1 1248
0 100 100 0 4012 -2.56934 -0.301649 -1.82875 0.0384537 -0.210293 -0.0228017 1 1253
0 100 99 0 4013 -2.63058 -0.283211 -1.82538 0.0387812 -0.210745 -0.0222116 1 1258
0 100 99 0 4012 -2.6123 -0.235617 -1.8408 0.0383327 -0.210497 -0.0217931 1 1263
0 100 99 0 4012 -2.53986 -0.280787 -1.82995 0.0386637 -0.211182 -0.0218123 1 1268
0 100 99 0 4012 -2.56807 -0.269621 -1.82759 0.0376948 -0.210852 -0.0222518 1 1274
0 100 99 0 4012 -2.55946 -0.262346 -1.80419 0.0384595 -0.210013 -0.0216348 1 1279
0 100 99 0 4012 -2.56875 -0.311888 -1.85422 0.0382895 -0.210641 -0.0217128 1 1284
0 100 99 0 4012 -2.58814 -0.325138 -1.89603 0.0376705 -0.209978 -0.0223129 1 1289
0 100 100 0 4012 -2.55013 -0.329529 -1.85592 0.0384147 -0.210202 -0.0230459 1 1294
0 100 100 0 4012 -2.54918 -0.280602 -1.8166 0.0390885 -0.209847 -0.0225937 1 1299
0 100 100 0 4012 -2.62588 -0.285698 -1.83102 0.0389416 -0.209604 -0.0220416 1 1304
0 100 100 0 4012 -2.61655 -0.255398 -1.88362 0.038413 -0.2104 -0.0214945 1 1309
0 100 99 0 4012 -2.53299 -0.271265 -1.8572 0.0386906 -0.210326 -0.0219605 1 1314
0 100 99 0 4012 -2.54236 -0.329599 -1.85299 0.0392027 -0.21011 -0.0220993 1 1319
0 100 99 0 4012 -2.58079 -0.324301 -1.7978 0.0386355 -0.211096 -0.0216255 1 1324
0 100 98 0 4012 -2.59726 -0.281023 -1.85184 0.0375711 -0.210643 -0.0218634 1 1329
0 100 98 0 4012 -2.52568 -0.268652 -1.7578 0.038027 -0.210326 -0.0220559 1 1334
0 100 98 0 4012 -2.55437 -0.287134 -1.86081 0.0387388 -0.209274 -0.0218642 1 1339
0 100 99 0 4012 -2.54287 -0.280558 -1.85869 0.0386989 -0.209531 -0.0223154 1 1344
0 100 100 0 4012 -2.5639 -0.291872 -1.86188 0.0376509 -0.210617 -0.0215288 1 1349
0 100 99 0 4012 -2.62522 -0.256239 -1.91032 0.0388063 -0.20955 -0.0214388 1 1355
0 100 99 0 4012 -2.56247 -0.238012 -1.89472 0.0388099 -0.209398 -0.0219808 1 1360
0 100 100 0 4012 -2.53242 -0.293364 -1.86093 0.0393605 -0.210101 -0.0211686 1 1365
0 100 100 0 4012 -2.54016 -0.323851 -1.78221 0.0389227 -0.211344 -0.0218917 1 1369
0 100 100 0 4012 -2.529 -0.292742 -1.86605 0.0380775 -0.208873 -0.0218488 1 1374
0 100 100 0 4012 -2.57354 -0.313408 -1.86959 0.0394533 -0.209087 -0.0218689 1 1379
0 100 100 0 4012 -2.58231 -0.332378 -1.83238 0.038306 -0.209931 -0.0210527 1 1384
0 100 99 0 4012 -2.58765 -0.288595 -1.86526 0.0385349 -0.210963 -0.0220879 1 1389
0 100 99 0 4012 -2.55229 -0.241501 -1.87094 0.0385634 -0.209636 -0.021997 1 1394
0 100 99 0 4012 -2.54645 -0.272499 -1.80029 0.0386578 -0.209749 -0.0218903 1 1399
0 100 100 0 4012 -2.54382 -0.290722 -1.78662 0.0386086 -0.209912 -0.0210602 1 1404
0 100 100 0 4012 -2.58841 -0.273161 -1.79195 0.0373816 -0.209587 -0.0212658 1 1409
0 100 100 0 4012 -2.55398 -0.31752 -1.83878 0.0368575 -0.209331 -0.0216531 1 1414
0 100 100 0 4012 -2.54698 -0.305182 -1.87106 0.0377969 -0.208019 -0.021459 1 1419
0 100 99 0 4012 -2.55511 -0.32305 -1.85644 0.0389782 -0.207914 -0.0221386 1 1424
0 100 99 0 4012 -2.57117 -0.326658 -1.86472 0.0391114 -0.209325 -0.0216629 1 1429
0 100 99 0 4012 -2.63151 -0.289118 -1.8588 0.0385003 -0.209863 -0.0217283 1 1434
0 100 99 0 4012 -2.54281 -0.262987 -1.83742 0.0385787 -0.210335 -0.0220136 1 1439
0 100 99 0 4012 -2.5519 -0.246851 -1.80706 0.0389138 -0.209483 -0.0220487 1 1444
0 100 100 0 4012 -2.55326 -0.344475 -1.80102 0.0382985 -0.20895 -0.0215297 1 1449
0 100 100 0 4012 -2.57413 -0.294941 -1.77217 0.0378176 -0.209336 -0.0213419 1 1454
0 100 99 0 4012 -2.5966 -0.298483 -1.83922 0.0377018 -0.209628 -0.0214619 1 1459
0 100 100 0 4012 -2.53684 -0.322039 -1.85344 0.0366378 -0.208192 -0.0215992 1 1464
0 100 100 0 4012 -2.53111 -0.293537 -1.8473 0.0387112 -0.208003 -0.0219863 1 1469
0 100 100 0 4012 -2.55643 -0.346645 -1.8918 0.038921 -0.208366 -0.0218812 1 1474
0 100 99 0 4012 -2.6049 -0.336458 -1.84705 0.0382813 -0.209146 -0.0220302 1 1479
0 100 100 0 4012 -2.57591 -0.282122 -1.83336 0.0385392 -0.210772 -0.0219048 1 1484
0 100 99 0 4012 -2.5393 -0.239828 -1.80315 0.0387052 -0.209683 -0.0220727 1 1489
0 100 99 0 4012 -2.5506 -0.299967 -1.78111 0.0387465 -0.208717 -0.0221546 1 1494
0 100 99 0 4012 -2.55988 -0.312183 -1.82037 0.0386335 -0.208832 -0.0220051 1 1499
0 100 100 0 4012 -2.58665 -0.301767 -1.7723 0.0382037 -0.209241 -0.0213861 1 1504
0 100 99 0 4012 -2.56504 -0.290384 -1.78851 0.0370274 -0.208924 -0.0214085 1 1509
0 100 100 0 4012 -2.55389 -0.281456 -1.84758 0.037264 -0.207836 -0.0213047 1 1514
0 100 100 0 4012 -2.6059 -0.295706 -1.86487 0.0385021 -0.209137 -0.022014 1 1519
0 100 100 0 4012 -2.56799 -0.331221 -1.90546 0.0395412 -0.207828 -0.0216202 1 1524
0 100 99 0 4012 -2.61187 -0.325726 -1.87484 0.0385116 -0.209401 -0.0215685 1 1529
0 100 99 0 4012 -2.57264 -0.26952 -1.84517 0.038527 -0.209766 -0.0215537 1 1534
0 100 99 0 4012 -2.54567 -0.261232 -1.84776 0.0383916 -0.209213 -0.0213888 1 1539
0 100 98 0 4012 -2.5298 -0.33683 -1.79724 0.0378009 -0.2091 -0.0216674 1 1544
0 100 99 0 4012 -2.53131 -0.347307 -1.79176 0.0388957 -0.209002 -0.0218154 1 1549
0 100 100 0 4012 -2.59375 -0.314308 -1.79302 0.0385413 -0.207947 -0.0218217 1 1554
0 100 100 0 4012 -2.57161 -0.284706 -1.79994 0.0374646 -0.209155 -0.0212801 1 1559
0 100 99 0 4012 -2.52986 -0.315918 -1.85422 0.0386839 -0.208203 -0.022571 1 1563
0 100 99 0 4012 -2.52589 -0.339966 -1.84035 0.0391135 -0.208982 -0.0223959 1 1568
0 100 99 0 4012 -2.58097 -0.303022 -1.83047 0.0385046 -0.208786 -0.0218383 1 1573
0 100 99 0 4013 -2.49668 -0.29867 -1.87277 0.0383738 -0.208608 -0.0213147 1 1577
0 100 100 0 4012 -2.58955 -0.320517 -1.78808 0.0371093 -0.208094 -0.0218913 1 1582
0 100 99 0 4013 -2.55081 -0.241192 -1.81147 0.0386666 -0.208102 -0.022407 1 1588
0 100 100 0 4012 -2.53194 -0.29627 -1.81352 0.038552 -0.207996 -0.0218384 1 1592
0 100 100 0 4012 -2.57063 -0.318766 -1.90506 0.0375689 -0.207725 -0.0220145 1 1597
0 100 100 0 4012 -2.50757 -0.275412 -1.80142 0.0383977 -0.207336 -0.021957 1 1601
0 100 100 0 4012 -2.59511 -0.323183 -1.90855 0.0383774 -0.206591 -0.0217704 1 1606
0 100 99 0 4012 -2.56656 -0.31028 -1.87751 0.038552 -0.208341 -0.0216847 1 1610
0 100 100 0 4012 -2.54632 -0.289711 -1.83825 0.0389277 -0.207924 -0.0219558 1 1614
0 100 100 0 4012 -2.56814 -0.319016 -1.89074 0.037744 -0.208396 -0.0218336 1 1619
0 100 100 0 4012 -2.5701 -0.312185 -1.91779 0.0383574 -0.207875 -0.0222085 1 1623
0 100 99 0 4012 -2.53666 -0.324919 -1.79449 0.0378277 -0.206478 -0.0214212 1 1627
0 100 100 0 4012 -2.55103 -0.324434 -1.88615 0.0385816 -0.207115 -0.0218112 1 1631
0 100 100 0 4012 -2.52962 -0.348215 -1.84048 0.0384337 -0.207806 -0.0215373 1 1636
0 100 100 0 4012 -2.55789 -0.335773 -1.88295 0.0382941 -0.207993 -0.0216449 1 1641
0 100 100 0 4012 -2.54944 -0.295744 -1.88025 0.0378745 -0.208093 -0.02088 1 1646
0 100 100 0 4012 -2.54278 -0.281176 -1.86697 0.0380372 -0.208239 -0.0213275 1 1651
0 100 100 0 4012 -2.52163 -0.293207 -1.92782 0.038218 -0.207389 -0.021565 1 1656
0 100 99 0 4012 -2.58359 -0.327978 -1.81773 0.0383966 -0.207643 -0.0221699 1 1660
0 100 99 0 4012 -2.51821 -0.245823 -1.81652 0.0382363 -0.20952 -0.0210542 1 1664
0 100 100 0 4012 -2.55242 -0.292868 -1.91719 0.0385658 -0.20792 -0.0213031 1 1668
0 100 99 0 4012 -2.54143 -0.283987 -1.83013 0.0384216 -0.207105 -0.022799 1 1672
0 100 100 0 4012 -2.581 -0.325745 -1.90842 0.0382798 -0.207911 -0.0214615 1 1675
0 100 99 0 4013 -2.52849 -0.27508 -1.84859 0.0379288 -0.206901 -0.0213966 1 1679
0 100 100 0 4012 -2.56092 -0.261257 -1.8018 0.0387937 -0.207221 -0.0215311 1 1684
0 100 100 0 4012 -2.51124 -0.312637 -1.8827 0.0381767 -0.206782 -0.0216914 1 1687
0 100 100 0 4012 -2.60493 -0.293886 -1.84356 0.0382683 -0.207728 -0.0219842 1 1691
0 100 100 0 4012 -2.52577 -0.285288 -1.84971 0.0385249 -0.20794 -0.0214951 1 1696
0 100 100 0 4012 -2.57971 -0.301489 -1.78951 0.0379933 -0.207549 -0.0211943 1 1700
0 100 100 0 4012 -2.52592 -0.316793 -1.92091 0.0385799 -0.206506 -0.0220156 1 1704
0 100 99 0 4012 -2.56232 -0.338659 -1.88232 0.0380315 -0.207051 -0.021551 1 1707
0 100 99 0 4012 -2.55377 -0.222561 -1.79522 0.0395588 -0.207767 -0.0215852 1 1712
0 100 100 0 4012 -2.54936 -0.314499 -1.90117 0.0384796 -0.207622 -0.021367 1 1716
0 100 99 0 4012 -2.5393 -0.307226 -1.80941 0.0389842 -0.207884 -0.0213036 1 1722
0 100 99 0 4012 -2.53414 -0.297251 -1.87725 0.0382634 -0.20794 -0.0218767 1 1727
0 100 99 0 4012 -2.56882 -0.310717 -1.80018 0.0366741 -0.207397 -0.0214762 1 1732
0 100 100 0 4012 -2.53279 -0.328043 -1.90778 0.0385002 -0.207172 -0.0222518 1 1737
0 100 100 0 4012 -2.56176 -0.252802 -1.81472 0.0387851 -0.206121 -0.0215586 1 1741
0 100 99 0 4012 -2.60058 -0.301569 -1.85512 0.0386435 -0.207613 -0.0215046 1 1745
0 100 100 0 4012 -2.56701 -0.299986 -1.9066 0.0383116 -0.205912 -0.0216274 1 1751
0 100 100 0 4012 -2.59723 -0.296642 -1.84967 0.0381849 -0.206839 -0.0212085 1 1757
0 100 100 0 4012 -2.60599 -0.269217 -1.89105 0.038247 -0.206723 -0.0211276 1 1762
0 100 100 0 4012 -2.51995 -0.31872 -1.77112 0.0381036 -0.207421 -0.0215585 1 1767
0 100 99 0 4012 -2.53551 -0.24803 -1.9252 0.0380913 -0.206392 -0.0215316 1 1772
0 100 99 0 4012 -2.57323 -0.304842 -1.76485 0.0383203 -0.206271 -0.0212414 1 1777
0 100 99 0 4013 -2.52148 -0.293589 -1.86738 0.0383613 -0.206412 -0.0213253 1 1781
0 100 99 0 4012 -2.59067 -0.285807 -1.84973 0.0381402 -0.206667 -0.0219488 1 1787
0 100 99 0 4012 -2.57219 -0.275728 -1.8833 0.0389585 -0.207269 -0.0208399 1 1792
0 100 99 0 4012 -2.53894 -0.295393 -1.83867 0.0379903 -0.206815 -0.0223958 1 1796
0 100 100 0 4012 -2.56912 -0.295259 -1.89058 0.037245 -0.206915 -0.0216483 1 1801
0 100 100 0 4012 -2.53581 -0.279577 -1.86171 0.0393058 -0.206624 -0.0224904 1 1806
0 100 100 0 4012 -2.55011 -0.235949 -1.81492 0.0382628 -0.205883 -0.0212439 1 1811
0 100 99 0 4012 -2.53427 -0.37166 -1.88246 0.038651 -0.207687 -0.0222241 1 1815
0 100 99 0 4012 -2.51269 -0.272898 -1.84069 0.0382503 -0.205924 -0.0215875 1 1821
0 100 99 0 4012 -2.58628 -0.282215 -1.89771 0.0386642 -0.207834 -0.0215028 1 1826
0 100 100 0 4012 -2.58303 -0.295301 -1.86234 0.0383862 -0.206258 -0.0219842 1 1831
0 100 100 0 4012 -2.54075 -0.290438 -1.88916 0.0381471 -0.207117 -0.0214742 1 1836
0 100 99 0 4012 -2.58589 -0.247948 -1.84788 0.0376751 -0.206464 -0.0210257 1 1841
0 100 100 0 4012 -2.52401 -0.301741 -1.84114 0.0390075 -0.206594 -0.0217494 1 1846
0 100 99 0 4012 -2.55332 -0.285608 -1.88604 0.0378665 -0.206176 -0.0219331 1 1851
0 100 99 0 4012 -2.54181 -0.320467 -1.85457 0.0392809 -0.207022 -0.0215027 1 1856
0 100 99 0 4012 -2.52876 -0.237345 -1.79141 0.0389758 -0.206335 -0.0215701 1 1862
0 100 99 0 4012 -2.53576 -0.300087 -1.80591 0.0388583 -0.20658 -0.021215 1 1867
0 100 99 0 4012 -2.53359 -0.261078 -1.91289 0.0382783 -0.206516 -0.0216659 1 1872
0 100 99 0 4012 -2.57047 -0.3347 -1.81717 0.0384594 -0.205745 -0.0213991 1 1877
0 100 100 0 4012 -2.52865 -0.284889 -1.90854 0.0383995 -0.205628 -0.0210236 1 1882
0 100 100 0 4012 -2.54023 -0.331648 -1.83468 0.0380642 -0.207419 -0.0215018 1 1887
0 100 99 0 4012 -2.53851 -0.280323 -1.8921 0.0381236 -0.205718 -0.0207625 1 1893
0 100 99 0 4012 -2.55132 -0.298862 -1.78376 0.0385927 -0.206441 -0.0213745 1 1898
0 100 99 0 4012 -2.56077 -0.282257 -1.8693 0.0384612 -0.207268 -0.0219523 1 1904
0 100 99 0 4012 -2.50833 -0.315485 -1.87844 0.039046 -0.206043 -0.0214149 1 1909
0 100 98 0 4012 -2.51353 -0.280817 -1.81303 0.0381263 -0.206886 -0.0212619 1 1914
0 100 99 0 4012 -2.55011 -0.289795 -1.90312 0.0387369 -0.206365 -0.0208353 1 1919
0 100 99 0 4012 -2.5166 -0.356066 -1.86206 0.0389404 -0.206815 -0.0213151 1 1924
0 100 100 0 4012 -2.57036 -0.285875 -1.8759 0.0368589 -0.206135 -0.0212356 1 1929
0 100 100 0 4012 -2.55318 -0.340147 -1.81108 0.039045 -0.206695 -0.0213687 1 1934
0 100 100 0 4013 -2.56237 -0.245523 -1.88887 0.038659 -0.205468 -0.021783 1 1939
0 100 100 0 4012 -2.52502 -0.304192 -1.95392 0.0379299 -0.206255 -0.0216822 1 1944
0 100 100 0 4012 -2.51445 -0.247066 -1.83265 0.0384679 -0.205833 -0.0218092 1 1949
0 100 100 0 4012 -2.53253 -0.299469 -1.95588 0.0380434 -0.206504 -0.0214338 1 1954
0 100 99 0 4012 -2.5548 -0.296726 -1.87065 0.0384574 -0.205407 -0.0223401 1 1959
0 100 99 0 4013 -2.48396 -0.275291 -1.86491 0.038646 -0.205595 -0.0210363 1 1964
0 100 99 0 4012 -2.58625 -0.295052 -1.90397 0.0383284 -0.206063 -0.021437 1 1969
0 100 99 0 4012 -2.52414 -0.313965 -1.91464 0.0387142 -0.205519 -0.0215039 1 1974
0 100 99 0 4012 -2.56356 -0.287943 -1.87951 0.0379285 -0.206232 -0.0219264 1 1979
0 100 99 0 4013 -2.59117 -0.304394 -1.84856 0.0377027 -0.205774 -0.0210951 1 1984
0 100 100 0 4012 -2.53905 -0.246578 -1.85176 0.0387069 -0.205919 -0.0215373 1 1989
0 100 99 0 4012 -2.60269 -0.285042 -1.91968 0.0381238 -0.205757 -0.021788 1 1994
0 100 100 0 4012 -2.51578 -0.303837 -1.88055 0.0389569 -0.205986 -0.0214545 1 1999
0 100 100 0 4012 -2.55037 -0.281227 -1.85701 0.0390456 -0.205204 -0.0209823 1 2005
0 100 99 0 4012 -2.52364 -0.280388 -1.90327 0.0382349 -0.206671 -0.0219589 1 2009
0 100 99 0 4012 -2.53307 -0.269426 -1.87834 0.038828 -0.206438 -0.0211938 1 2014
0 100 100 0 4012 -2.53926 -0.316063 -1.85503 0.0387862 -0.205076 -0.0211874 1 2019
0 100 99 0 4012 -2.51423 -0.311415 -1.93159 0.0389667 -0.205311 -0.0219881 1 2024
0 100 100 0 4012 -2.53976 -0.310823 -1.79186 0.037758 -0.205772 -0.0211722 1 2028
0 100 100 0 4012 -2.48372 -0.287104 -1.9135 0.038697 -0.205839 -0.0215006 1 2032
0 100 99 0 4012 -2.49286 -0.310179 -1.91033 0.0387591 -0.205114 -0.0211181 1 2037
0 100 100 0 4012 -2.57688 -0.280569 -1.88209 0.03874 -0.205524 -0.0217313 1 2041
0 100 99 0 4013 -2.51555 -0.287855 -1.93598 0.0383276 -0.205396 -0.0214417 1 2045
0 100 99 0 4013 -2.53401 -0.308853 -1.87526 0.0391515 -0.206025 -0.0211777 1 2049
0 100 99 0 4012 -2.47879 -0.256516 -1.87382 0.0383171 -0.206013 -0.0208342 1 2055
0 100 99 0 4013 -2.53841 -0.310097 -1.84806 0.0389265 -0.206086 -0.0216101 1 2059
0 100 99 0 4012 -2.53218 -0.324646 -1.84417 0.0385728 -0.206857 -0.0213159 1 2064
0 100 100 0 4013 -2.53636 -0.260578 -1.87431 0.0373349 -0.204198 -0.0212846 1 2069
0 100 100 0 4012 -2.55113 -0.322645 -1.96768 0.0380043 -0.205441 -0.0211845 1 2074
0 100 100 0 4012 -2.50299 -0.287333 -1.83482 0.0379248 -0.205004 -0.0218568 1 2079
0 100 99 0 4013 -2.55066 -0.286507 -1.83231 0.0377638 -0.205194 -0.0211571 1 2085
0 100 100 0 4012 -2.53148 -0.291346 -1.81911 0.0379211 -0.206505 -0.0214538 1 2090
0 100 100 0 4012 -2.54346 -0.32416 -1.86533 0.0383376 -0.205534 -0.0214052 1 2095
0 100 100 0 4012 -2.54272 -0.348816 -1.91891 0.0376966 -0.205584 -0.0217062 1 2099
0 100 100 0 4012 -2.5499 -0.339993 -1.95972 0.0378464 -0.205114 -0.0210701 1 2105
0 100 100 0 4012 -2.56415 -0.275795 -1.91331 0.0377113 -0.205155 -0.0210412 1 2110
0 100 100 0 4012 -2.56723 -0.284019 -1.85252 0.0371542 -0.205476 -0.0212349 1 2114
0 100 101 0 4012 -2.50668 -0.325506 -1.93413 0.0383707 -0.204334 -0.0216294 1 2119
0 100 100 0 4012 -2.53808 -0.34833 -1.92196 0.0372752 -0.205577 -0.0214131 1 2124
0 100 100 0 4012 -2.52417 -0.268953 -1.85626 0.0380863 -0.204238 -0.020961 1 2128
0 100 99 0 4012 -2.56827 -0.325806 -1.87308 0.0384878 -0.205152 -0.0213751 1 2132
0 100 99 0 4012 -2.5918 -0.306828 -1.90049 0.0387188 -0.205306 -0.020904 1 2137
0 100 99 0 4012 -2.53188 -0.282635 -1.86143 0.0377076 -0.20439 -0.0211772 1 2142
0 100 99 0 4012 -2.54234 -0.214926 -1.84702 0.0385467 -0.204936 -0.0215092 1 2146
0 100 100 0 4012 -2.54935 -0.346964 -1.89201 0.0383294 -0.204406 -0.0210118 1 2150
0 100 100 0 4012 -2.55131 -0.278227 -1.84057 0.0374601 -0.205079 -0.0217583 1 2155
0 100 100 0 4012 -2.54534 -0.339563 -1.92605 0.0377904 -0.204626 -0.0224697 1 2159
0 100 100 0 4012 -2.51456 -0.302109 -1.905 0.0380455 -0.205245 -0.0215855 1 2164
0 100 100 0 4012 -2.5528 -0.315256 -1.8935 0.0382611 -0.203534 -0.0220151 1 2169
0 100 100 0 4012 -2.52367 -0.286856 -1.90732 0.0372782 -0.203874 -0.0214825 1 2175
0 100 100 0 4012 -2.54767 -0.243017 -1.84954 0.0384597 -0.204383 -0.0213967 1 2179
0 100 100 0 4012 -2.52505 -0.307667 -1.84565 0.0373985 -0.204231 -0.0224918 1 2185
0 100 100 0 4012 -2.53063 -0.32745 -1.89504 0.0381565 -0.204179 -0.0220032 1 2190
0 100 99 0 4012 -2.56886 -0.304335 -1.8471 0.037469 -0.204529 -0.0215302 1 2195
0 100 99 0 4012 -2.49423 -0.299706 -1.89673 0.0378102 -0.203622 -0.0209895 1 2199
0 100 100 0 4012 -2.53008 -0.334997 -1.8953 0.0373368 -0.205365 -0.0208502 1 2205
0 100 99 0 4012 -2.53007 -0.279554 -1.87106 0.0379319 -0.203558 -0.0219012 1 2209
0 100 100 0 4012 -2.51372 -0.269537 -1.86798 0.0384897 -0.204221 -0.0216693 1 2214
0 100 99 0 4012 -2.52921 -0.322084 -1.94686 0.0386356 -0.204221 -0.0209323 1 2219
0 100 99 0 4012 -2.54296 -0.331116 -1.8597 0.0382822 -0.205406 -0.0217835 1 2225
0 100 99 0 4012 -2.51031 -0.296549 -1.91675 0.0375957 -0.203712 -0.0210511 1 2229
0 100 99 0 4012 -2.51429 -0.262201 -1.89537 0.0388334 -0.203157 -0.0213268 1 2235
0 100 100 0 4012 -2.50863 -0.273409 -1.8083 0.037596 -0.204354 -0.0223548 1 2240
0 100 99 0 4012 -2.51384 -0.272982 -1.89335 0.0384595 -0.204049 -0.0221024 1 2245
0 100 100 0 4012 -2.47261 -0.307459 -1.92792 0.0385432 -0.205299 -0.0216006 1 2249
0 100 99 0 4012 -2.51792 -0.307762 -1.83982 0.0384675 -0.205531 -0.0215903 1 2255
0 100 100 0 4012 -2.52604 -0.280523 -1.92097 0.0377156 -0.203922 -0.0214692 1 2259
0 100 100 0 4012 -2.5268 -0.345602 -1.92533 0.0387998 -0.205195 -0.0222473 1 2263
0 100 99 0 4012 -2.5412 -0.260996 -1.88829 0.0377625 -0.20454 -0.0211803 1 2267
0 100 100 0 4012 -2.49616 -0.302826 -1.9159 0.0390979 -0.204459 -0.0211908 1 2271
0 100 99 0 4012 -2.56383 -0.338921 -1.87207 0.0371829 -0.203829 -0.0216521 1 2275
0 100 100 0 4012 -2.50264 -0.308878 -1.98211 0.0379921 -0.204424 -0.0214844 1 2279
0 100 100 0 4012 -2.525 -0.285749 -1.95555 0.0369406 -0.203696 -0.020979 1 2284
0 100 99 0 4012 -2.51684 -0.344339 -1.8937 0.0382367 -0.204337 -0.0221015 1 2288
0 100 100 0 4012 -2.5198 -0.337753 -1.96719 0.0387586 -0.203569 -0.0214621 1 2293
0 100 99 0 4012 -2.55669 -0.266352 -1.88859 0.0377953 -0.204394 -0.0220002 1 2297
0 100 99 0 4012 -2.58267 -0.311214 -1.90702 0.0379575 -0.204954 -0.0218846 1 2302
0 100 99 0 4012 -2.49806 -0.315403 -1.92452 0.0382997 -0.203511 -0.0213401 1 2306
0 100 101 0 4012 -2.52085 -0.323254 -1.8529 0.0387608 -0.205592 -0.020838 1 2311
0 100 99 0 4012 -2.53754 -0.362179 -1.92916 0.0373663 -0.204096 -0.0207052 1 2315
0 100 100 0 4012 -2.51053 -0.295527 -1.92234 0.0386658 -0.203655 -0.02118 1 2321
0 100 99 0 4012 -2.51375 -0.323261 -1.85184 0.0382909 -0.20482 -0.0211491 1 2326
0 100 100 0 4012 -2.49268 -0.273504 -1.88714 0.0382429 -0.204016 -0.0210135 1 2332
0 100 100 0 4013 -2.52449 -0.272003 -1.92549 0.0381987 -0.203512 -0.0216575 1 2337
0 100 100 0 4012 -2.50193 -0.27828 -1.89311 0.0387033 -0.204625 -0.0215751 1 2342
0 100 99 0 4012 -2.48338 -0.293184 -1.90895 0.0379198 -0.204166 -0.0209102 1 2347
0 100 99 0 4012 -2.52635 -0.251951 -1.94133 0.0378176 -0.203544 -0.021208 1 2352
0 100 99 0 4012 -2.54476 -0.25993 -1.87988 0.0374147 -0.204482 -0.0214166 1 2357
0 100 99 0 4012 -2.57214 -0.310703 -1.87519 0.0382085 -0.201946 -0.0217098 1 2362
0 100 99 0 4012 -2.54152 -0.301325 -1.94925 0.0380094 -0.204214 -0.0211398 1 2367
0 100 100 0 4013 -2.47446 -0.350517 -1.9002 0.0378488 -0.204084 -0.0216299 1 2372
0 100 100 0 4012 -2.57913 -0.251877 -1.92287 0.0382091 -0.203825 -0.0214244 1 2377
0 100 100 0 4012 -2.55334 -0.314415 -1.86738 0.037851 -0.203957 -0.0213064 1 2382
0 100 99 0 4012 -2.57787 -0.312719 -1.94583 0.0386965 -0.204058 -0.0214429 1 2387
0 100 100 0 4013 -2.4972 -0.291704 -1.90965 0.0384939 -0.20365 -0.0219626 1 2393
0 100 100 0 4012 -2.4765 -0.291016 -1.90232 0.0379977 -0.203706 -0.0211817 1 2398
0 100 99 0 4012 -2.51756 -0.313242 -1.88124 0.0377935 -0.204855 -0.0214396 1 2403
0 100 99 0 4012 -2.50458 -0.294916 -1.88362 0.0380509 -0.20301 -0.0220121 1 2408
0 100 99 0 4012 -2.54309 -0.280178 -1.85961 0.0377795 -0.203656 -0.0205469 1 2413
0 100 99 0 4012 -2.47453 -0.29464 -1.9211 0.0383298 -0.204683 -0.0207676 1 2418
0 100 99 0 4012 -2.52472 -0.34543 -1.87165 0.0383151 -0.204406 -0.0214427 1 2423
0 100 99 0 4012 -2.53593 -0.270279 -1.8847 0.0380473 -0.202654 -0.0213688 1 2428
0 100 100 0 4012 -2.52217 -0.297255 -1.88823 0.0368794 -0.203943 -0.0217399 1 2433
0 100 99 0 4012 -2.54912 -0.313696 -1.91487 0.0375253 -0.203547 -0.0219688 1 2438
0 100 99 0 4012 -2.53649 -0.258398 -1.90831 0.0374972 -0.203983 -0.0210301 1 2443
0 100 100 0 4012 -2.54299 -0.292006 -1.83201 0.0368385 -0.203998 -0.0208373 1 2448
0 100 100 0 4012 -2.5109 -0.226095 -1.95032 0.0386636 -0.203134 -0.0212976 1 2453
0 100 99 0 4012 -2.52933 -0.362011 -2 0.0375336 -0.203407 -0.0211838 1 2458
0 100 99 0 4012 -2.51978 -0.291122 -1.87284 0.0382073 -0.203437 -0.0211745 1 2463
0 100 99 0 4012 -2.51536 -0.299784 -1.8216 0.0381119 -0.203945 -0.0207111 1 2468
0 100 99 0 4012 -2.53474 -0.287462 -1.89559 0.0378411 -0.203414 -0.0221074 1 2473
0 100 99 0 4012 -2.50471 -0.31913 -1.90396 0.038638 -0.202609 -0.0210681 1 2478
0 100 100 0 4012 -2.52374 -0.232208 -1.89891 0.0386649 -0.202895 -0.0212969 1 2483
0 100 100 0 4012 -2.49361 -0.313129 -1.92329 0.0379931 -0.204077 -0.0212918 1 2488
0 100 99 0 4012 -2.52909 -0.261995 -1.94312 0.0382447 -0.20317 -0.0212592 1 2493
0 100 99 0 4012 -2.50039 -0.228209 -1.90032 0.0380388 -0.203952 -0.0210752 1 2498
0 100 100 0 4012 -2.47064 -0.321207 -1.94418 0.0378507 -0.203882 -0.0210864 1 2504
0 100 100 0 4012 -2.5404 -0.288254 -1.87751 0.0387005 -0.202937 -0.0215081 1 2509
0 100 99 0 4012 -2.54183 -0.279051 -1.90779 0.0377828 -0.202945 -0.0209224 1 2514
0 100 99 0 4012 -2.48392 -0.309101 -1.92254 0.0383319 -0.202214 -0.0216177 1 2519
0 100 99 0 4012 -2.49836 -0.264078 -1.91035 0.0383773 -0.202421 -0.0217599 1 2524
0 100 98 0 4012 -2.50121 -0.296045 -1.91736 0.0382488 -0.202649 -0.0223863 1 2529
0 100 99 0 4012 -2.57183 -0.296597 -1.83362 0.0382091 -0.203 -0.0210899 1 2534
0 100 99 0 4012 -2.48732 -0.281298 -1.93978 0.0376892 -0.202098 -0.0210968 1 2539
0 100 99 0 4012 -2.51797 -0.364315 -1.96217 0.0379347 -0.203137 -0.0211614 1 2544
0 100 98 0 4012 -2.53607 -0.313665 -1.88613 0.0374173 -0.203442 -0.021406 1 2549
0 100 99 0 4012 -2.48783 -0.333979 -1.88316 0.0390837 -0.203761 -0.0211426 1 2555
0 100 100 0 4012 -2.46497 -0.294363 -1.88784 0.0387875 -0.203575 -0.0207255 1 2560
0 100 99 0 4013 -2.53622 -0.299948 -1.92413 0.0383379 -0.204097 -0.0208933 1 2565
0 100 100 0 4012 -2.52287 -0.27413 -1.91646 0.0387851 -0.203153 -0.0217092 1 2570
0 100 100 0 4012 -2.50019 -0.338469 -1.89205 0.0381258 -0.203692 -0.0220644 1 2575
0 100 99 0 4012 -2.58379 -0.249241 -1.91376 0.0383463 -0.202499 -0.020976 1 2580
0 100 99 0 4012 -2.47254 -0.287174 -1.88919 0.0379838 -0.202318 -0.0215168 1 2585
0 100 99 0 4012 -2.5276 -0.324762 -1.95182 0.03862 -0.202871 -0.0207584 1 2590
0 100 99 0 4012 -2.4742 -0.3053 -1.94638 0.0380017 -0.203725 -0.0211537 1 2595
0 100 100 0 4012 -2.53549 -0.272196 -1.9294 0.0389471 -0.203663 -0.0218868 1 2600
0 100 99 0 4012 -2.50757 -0.286377 -1.89105 0.0393342 -0.202426 -0.0211153 1 2606
0 100 99 0 4012 -2.52862 -0.319124 -1.9919 0.0373813 -0.203141 -0.0209537 1 2611
0 100 100 0 4012 -2.47779 -0.304934 -1.91208 0.0389682 -0.203243 -0.0209316 1 2617
0 100 99 0 4012 -2.48345 -0.281809 -1.93853 0.0384657 -0.202578 -0.0208629 1 2622
0 100 99 0 4012 -2.53779 -0.269073 -1.93637 0.0380559 -0.202854 -0.0214964 1 2627
0 100 99 0 4012 -2.498 -0.294443 -1.94324 0.0377462 -0.202817 -0.0209807 1 2632
0 100 99 0 4013 -2.5676 -0.239693 -1.94995 0.0382226 -0.202597 -0.0211506 1 2637
0 100 100 0 4012 -2.54514 -0.282387 -1.91997 0.0380008 -0.203407 -0.0215084 1 2642
0 100 100 0 4013 -2.55337 -0.354425 -1.92095 0.0383475 -0.203058 -0.02138 1 2647
0 100 100 0 4012 -2.53255 -0.309681 -1.95244 0.0388415 -0.201345 -0.0206715 1 2652
0 100 100 0 4012 -2.52445 -0.275251 -1.88833 0.0388771 -0.202529 -0.0222604 1 2657
0 100 101 0 4012 -2.48716 -0.313757 -1.93059 0.0390151 -0.202091 -0.0213383 1 2662
0 100 99 0 4012 -2.49761 -0.267731 -1.90493 0.0379725 -0.201341 -0.021062 1 2667
0 100 99 0 4012 -2.49549 -0.288607 -1.8862 0.0373472 -0.202725 -0.0218291 1 2672
0 100 99 0 4012 -2.52939 -0.319782 -1.9896 0.0372626 -0.202144 -0.0216232 1 2677
0 100 100 0 4013 -2.54909 -0.280495 -1.90997 0.0370003 -0.20248 -0.0207971 1 2682
0 100 99 0 4012 -2.5301 -0.298325 -1.83626 0.0390168 -0.203901 -0.0209668 1 2687
0 100 99 0 4012 -2.49701 -0.359766 -1.93022 0.0378127 -0.203071 -0.0208919 1 2692
0 100 99 0 4012 -2.51763 -0.268183 -1.86289 0.0386869 -0.202474 -0.0213807 1 2697
0 100 100 0 4012 -2.48162 -0.345007 -1.89211 0.038716 -0.202736 -0.0213249 1 2702
0 100 99 0 4012 -2.50399 -0.272253 -1.94577 0.0384406 -0.202644 -0.021032 1 2707
0 100 100 0 4012 -2.52517 -0.27104 -1.92598 0.0378556 -0.202197 -0.0215205 1 2712
0 100 99 0 4012 -2.49136 -0.279673 -1.91742 0.0381323 -0.204355 -0.0206424 1 2717
0 100 100 0 4012 -2.53944 -0.329033 -1.97378 0.0375373 -0.201401 -0.0207466 1 2722
0 100 100 0 4012 -2.58553 -0.298048 -1.95307 0.0382659 -0.202358 -0.0222418 1 2727
0 100 100 0 4012 -2.54945 -0.335772 -2.00653 0.0396819 -0.203042 -0.0215626 1 2732
0 100 100 0 4012 -2.4926 -0.290415 -1.9468 0.0386328 -0.202205 -0.0203278 1 2737
0 100 100 0 4012 -2.48988 -0.293028 -1.87871 0.0387013 -0.201445 -0.0215162 1 2742
0 100 99 0 4012 -2.48051 -0.317081 -1.97432 0.0385884 -0.202118 -0.0219092 1 2747
0 100 100 0 4012 -2.48832 -0.298695 -1.9556 0.036827 -0.201127 -0.0208236 1 2752
0 100 100 0 4012 -2.54426 -0.296549 -1.90191 0.0378025 -0.202316 -0.0209439 1 2757
0 100 100 0 4012 -2.52152 -0.302956 -1.9155 0.037707 -0.202778 -0.020713 1 2762
0 100 99 0 4012 -2.53138 -0.287909 -1.8856 0.0374029 -0.202095 -0.0202914 1 2767
0 100 99 0 4012 -2.55113 -0.293537 -1.86735 0.0380075 -0.201699 -0.0209103 1 2772
0 100 100 0 4012 -2.53725 -0.320024 -1.84513 0.0392151 -0.202982 -0.0215752 1 2777
0 100 100 0 4012 -2.4814 -0.340937 -1.94823 0.0386121 -0.202102 -0.0208066 1 2782
0 100 100 0 4012 -2.53432 -0.253267 -1.82328 0.0387092 -0.201634 -0.020756 1 2787
0 100 99 0 4012 -2.4935 -0.311575 -1.90762 0.0379395 -0.202594 -0.0209979 1 2792
0 100 99 0 4012 -2.50687 -0.255413 -1.90232 0.0378485 -0.201594 -0.0214331 1 2797
0 100 99 0 4012 -2.54921 -0.308443 -1.90413 0.0376352 -0.202745 -0.0219455 1 2802
0 100 99 0 4012 -2.53749 -0.321537 -1.97524 0.0384718 -0.202323 -0.0209383 1 2807
0 100 99 0 4012 -2.5418 -0.287378 -1.8758 0.0386723 -0.202103 -0.0215971 1 2812
0 100 99 0 4012 -2.45734 -0.313093 -1.92486 0.0385751 -0.201956 -0.0211004 1 2817
0 100 99 0 4012 -2.51321 -0.293171 -1.85482 0.0380433 -0.200811 -0.0216216 1 2822
0 100 101 0 4013 -2.53188 -0.304556 -1.94734 0.0383269 -0.201137 -0.0219593 1 2827
0 100 100 0 4012 -2.52818 -0.293882 -1.93836 0.0379905 -0.20206 -0.0207441 1 2832
0 100 100 0 4012 -2.53737 -0.301338 -1.8891 0.0380782 -0.20191 -0.0212613 1 2837
0 100 100 0 4012 -2.50162 -0.313688 -1.89496 0.0388248 -0.202375 -0.0205107 1 2842
0 100 100 0 4012 -2.51366 -0.281979 -1.85944 0.0386993 -0.201656 -0.0209595 1 2847
0 100 99 0 4012 -2.48086 -0.304253 -1.94022 0.0376981 -0.202307 -0.0210792 1 2852
0 100 99 0 4012 -2.52559 -0.244429 -1.96345 0.0376961 -0.201713 -0.0212391 1 2857
0 100 99 0 4012 -2.54192 -0.317476 -1.91503 0.0385324 -0.202323 -0.0213636 1 2861
0 100 100 0 4012 -2.53577 -0.261034 -1.93318 0.0379353 -0.201415 -0.0215862 1 2866
0 100 100 0 4012 -2.50723 -0.270002 -1.94362 0.0389223 -0.203868 -0.0207435 1 2870
0 100 100 0 4012 -2.52118 -0.269901 -1.95784 0.038184 -0.2019 -0.0212925 1 2875
0 100 100 0 4012 -2.51625 -0.280779 -1.99492 0.0383543 -0.201938 -0.0211093 1 2879
0 100 99 0 4012 -2.46685 -0.326317 -1.92569 0.0379204 -0.20265 -0.0210411 1 2883
0 100 99 0 4012 -2.4783 -0.289572 -1.83878 0.0393219 -0.202429 -0.0212479 1 2887
0 100 100 0 4012 -2.52445 -0.289024 -1.84321 0.0379965 -0.202152 -0.0199766 1 2891
0 100 99 0 4012 -2.53737 -0.283497 -1.95919 0.0374652 -0.202336 -0.020961 1 2895
0 100 100 0 4013 -2.49065 -0.307051 -1.96714 0.0385331 -0.20172 -0.0214313 1 2899
0 100 99 0 4012 -2.505 -0.297785 -1.9063 0.0388519 -0.201402 -0.021855 1 2903
0 100 100 0 4012 -2.55176 -0.290045 -1.86983 0.0382798 -0.201547 -0.0210265 1 2907
0 100 100 0 4012 -2.52789 -0.263897 -2.0205 0.0385987 -0.201341 -0.0206009 1 2911
0 100 99 0 4012 -2.48563 -0.303566 -1.9261 0.0377479 -0.201489 -0.0207611 1 2915
0 100 99 0 4012 -2.50194 -0.34305 -1.84964 0.0386047 -0.201714 -0.0213 1 2920
0 100 100 0 4012 -2.48712 -0.266962 -1.99632 0.0389302 -0.201544 -0.0209547 1 2924
0 100 99 0 4012 -2.46963 -0.32543 -1.95014 0.0384302 -0.201987 -0.0208102 1 2928
0 100 99 0 4012 -2.53386 -0.31362 -1.8384 0.0384516 -0.202149 -0.0210285 1 2932
0 100 99 0 4012 -2.54503 -0.302996 -1.90184 0.0372239 -0.201273 -0.0211386 1 2937
0 100 100 0 4012 -2.51541 -0.240063 -1.84542 0.0390294 -0.201581 -0.0213139 1 2943
0 100 99 0 4012 -2.50414 -0.293621 -2.00332 0.0380809 -0.201264 -0.0208707 1 2948
0 100 100 0 4012 -2.52974 -0.277878 -1.90555 0.0374271 -0.201887 -0.0210591 1 2953
0 100 100 0 4012 -2.55754 -0.33745 -1.92334 0.0382344 -0.201243 -0.0208203 1 2958
0 100 100 0 4012 -2.50893 -0.29175 -1.89874 0.0383539 -0.200743 -0.0203017 1 2963
0 100 99 0 4012 -2.46971 -0.312609 -1.95168 0.0388581 -0.201451 -0.0221135 1 2967
0 100 99 0 4012 -2.4796 -0.30197 -1.97077 0.0372932 -0.200709 -0.020908 1 2973
0 100 99 0 4012 -2.54692 -0.278465 -1.91716 0.0377506 -0.201536 -0.0214166 1 2977
0 100 100 0 4012 -2.477 -0.266333 -1.90111 0.0382583 -0.200201 -0.0206531 1 2981
0 100 100 0 4012 -2.51146 -0.297041 -1.91099 0.0396947 -0.201066 -0.0207481 1 2986
0 100 99 0 4012 -2.4887 -0.325747 -1.95285 0.0384998 -0.200635 -0.0218772 1 2991
0 100 99 0 4012 -2.47004 -0.310991 -2.007 0.0383887 -0.201322 -0.0211192 1 2995
0 100 100 0 4012 -2.51239 -0.319742 -1.95253 0.0385634 -0.200863 -0.0216634 1 2999
0 100 99 0 4012 -2.55233 -0.295403 -1.93 0.0380607 -0.20135 -0.021379 1 3004
0 100 100 0 4012 -2.46646 -0.346498 -1.95657 0.0386624 -0.201158 -0.0212672 1 3008
0 100 100 0 4012 -2.52133 -0.294027 -1.90277 0.0379078 -0.200203 -0.021297 1 3014
0 100 99 0 4013 -2.49834 -0.323278 -1.96626 0.0374963 -0.201158 -0.0218163 1 3019
0 100 99 0 4012 -2.54647 -0.278387 -1.91779 0.0375928 -0.200961 -0.020164 1 3024
0 100 99 0 4012 -2.50651 -0.316166 -1.88067 0.0393414 -0.201507 -0.0206913 1 3028
0 100 99 0 4012 -2.49157 -0.302847 -1.9688 0.0380425 -0.199664 -0.0209136 1 3034
0 100 100 0 4012 -2.49788 -0.267355 -1.9108 0.0384331 -0.201483 -0.0212712 1 3039
0 100 100 0 4012 -2.53567 -0.263811 -1.98785 0.0381721 -0.200917 -0.021117 1 3044
0 100 100 0 4012 -2.50198 -0.301767 -1.92356 0.0382607 -0.20227 -0.0212938 1 3049
0 100 99 0 4012 -2.52593 -0.301325 -1.8868 0.0386524 -0.201252 -0.0202926 1 3054
0 100 100 0 4012 -2.49807 -0.308821 -1.9058 0.0381711 -0.199938 -0.0216062 1 3059
0 100 99 0 4012 -2.49269 -0.313583 -2.02113 0.0381088 -0.200364 -0.020886 1 3064
0 100 99 0 4012 -2.52112 -0.290834 -1.95883 0.0368998 -0.200708 -0.0214343 1 3069
0 100 99 0 4012 -2.5044 -0.364532 -1.93675 0.0373551 -0.201667 -0.021311 1 3074
0 100 99 0 4012 -2.51359 -0.259907 -1.89682 0.0390406 -0.201099 -0.0205965 1 3079
0 100 99 0 4012 -2.49206 -0.33308 -1.89735 0.0388449 -0.202105 -0.0213457 1 3084
0 100 99 0 4012 -2.46588 -0.271152 -2.022 0.0382838 -0.201624 -0.0207867 1 3089
0 100 99 0 4012 -2.54329 -0.289652 -1.95219 0.0383732 -0.201668 -0.0217301 1 3094
0 100 99 0 4012 -2.5439 -0.313938 -1.93797 0.0377612 -0.20081 -0.0203333 1 3099
0 100 99 0 4012 -2.52754 -0.284218 -1.9263 0.0385133 -0.201626 -0.02124 1 3104
0 100 99 0 4012 -2.4701 -0.341364 -1.94771 0.0388768 -0.200778 -0.0214669 1 3109
0 100 99 0 4012 -2.49614 -0.28829 -1.90165 0.0380323 -0.200144 -0.0215576 1 3114
0 100 99 0 4012 -2.51033 -0.329016 -2.00124 0.0383844 -0.20034 -0.0221042 1 3119
0 100 100 0 4012 -2.53354 -0.275034 -1.89411 0.0372839 -0.200908 -0.0204044 1 3124
0 100 100 0 4012 -2.50708 -0.285219 -1.82486 0.0390627 -0.202094 -0.0207774 1 3128
0 100 99 0 4012 -2.48935 -0.312502 -1.90768 0.0382631 -0.200894 -0.0202255 1 3134
0 100 100 0 4012 -2.46901 -0.288881 -1.84975 0.0382254 -0.201211 -0.0210418 1 3139
0 100 100 0 4012 -2.51648 -0.26017 -1.97184 0.0380416 -0.200627 -0.0211428 1 3144
0 100 100 0 4013 -2.54456 -0.296679 -1.90593 0.037899 -0.200939 -0.0217313 1 3149
0 100 100 0 4012 -2.50581 -0.303654 -1.94472 0.03848 -0.200493 -0.020344 1 3154
0 100 100 0 4012 -2.50899 -0.299093 -1.88157 0.0384221 -0.199472 -0.0218867 1 3159
0 100 99 0 4012 -2.47243 -0.313471 -1.99236 0.0375613 -0.199299 -0.0210378 1 3164
0 100 100 0 4012 -2.52593 -0.287653 -1.89823 0.0380254 -0.200942 -0.0213601 1 3169
0 100 99 0 4012 -2.51224 -0.326418 -1.98556 0.0386369 -0.200361 -0.0207379 1 3174
0 100 100 0 4012 -2.49883 -0.32147 -1.86561 0.0386959 -0.200989 -0.02066 1 3179
0 100 100 0 4012 -2.46597 -0.258924 -1.97733 0.0385541 -0.20089 -0.020441 1 3184
0 100 100 0 4012 -2.53267 -0.276585 -1.98072 0.037967 -0.201204 -0.0214489 1 3189
0 100 99 0 4013 -2.50803 -0.313301 -2.00846 0.0383768 -0.201337 -0.0203615 1 3194
0 100 99 0 4012 -2.5716 -0.298971 -1.94925 0.0383323 -0.200833 -0.0215365 1 3198
0 100 99 0 4012 -2.55566 -0.287184 -2.00231 0.0387323 -0.199436 -0.0211455 1 3203
0 100 99 0 4012 -2.51596 -0.342644 -2.00344 0.0385767 -0.201557 -0.0218798 1 3208
0 100 100 0 4012 -2.5189 -0.28219 -1.94324 0.0390682 -0.199531 -0.0204571 1 3212
0 100 99 0 4012 -2.5497 -0.336889 -2.01925 0.038805 -0.199758 -0.020733 1 3216
0 100 100 0 4012 -2.5734 -0.314159 -1.9537 0.0384009 -0.200571 -0.0217181 1 3220
0 100 99 0 4012 -2.49181 -0.332205 -1.99044 0.0387877 -0.200915 -0.0210426 1 3224
0 100 99 0 4012 -2.52084 -0.297812 -1.9147 0.0389471 -0.201628 -0.0209785 1 3228
0 100 99 0 4012 -2.50458 -0.304529 -1.89204 0.0373974 -0.20086 -0.0210263 1 3232
0 100 99 0 4012 -2.48889 -0.347895 -1.96825 0.0376842 -0.200677 -0.0207988 1 3237
0 100 100 0 4012 -2.48076 -0.322134 -1.86822 0.0383166 -0.200523 -0.0211354 1 3241
0 100 99 0 4012 -2.46815 -0.314802 -1.88904 0.0364375 -0.200896 -0.0215459 1 3245
0 100 99 0 4012 -2.49555 -0.289835 -1.91123 0.0378407 -0.200255 -0.0217371 1 3249
0 100 99 0 4012 -2.50905 -0.291647 -1.98721 0.0377159 -0.200918 -0.0203886 1 3254
0 100 100 0 4012 -2.52009 -0.285744 -1.86538 0.0386454 -0.200697 -0.020825 1 3258
0 100 99 0 4012 -2.5139 -0.290512 -1.88902 0.0372956 -0.199922 -0.0208408 1 3262
0 100 99 0 4012 -2.50185 -0.29726 -1.96283 0.037235 -0.198767 -0.0212758 1 3267
0 100 99 0 4012 -2.50095 -0.354965 -1.9694 0.037535 -0.201164 -0.0208572 1 3272
0 100 99 0 4012 -2.48416 -0.306143 -1.87457 0.0383996 -0.200579 -0.0210018 1 3277
0 100 100 0 4012 -2.48738 -0.275204 -1.99627 0.0380929 -0.199848 -0.0210355 1 3282
0 100 100 0 4012 -2.56537 -0.295959 -1.95105 0.0378175 -0.19976 -0.0216242 1 3287
0 100 100 0 4012 -2.53389 -0.304655 -1.98153 0.0391302 -0.199618 -0.0206425 1 3292
0 100 99 0 4012 -2.49226 -0.295561 -1.99115 0.0383978 -0.199818 -0.0220427 1 3297
0 100 100 0 4012 -2.49363 -0.280973 -1.91186 0.0367867 -0.198927 -0.0205627 1 3302
0 100 99 0 4012 -2.50181 -0.346449 -1.9657 0.0376734 -0.201121 -0.0204323 1 3307
0 100 99 0 4012 -2.50839 -0.280664 -1.88244 0.036862 -0.200825 -0.020945 1 3311
0 100 99 0 4012 -2.49593 -0.283825 -1.95055 0.0383319 -0.200327 -0.0202364 1 3316
0 100 100 0 4012 -2.4855 -0.349136 -1.91767 0.0385218 -0.200223 -0.0209532 1 3321
0 100 100 0 4012 -2.49443 -0.264683 -1.94253 0.038882 -0.20027 -0.0209791 1 3326
0 100 100 0 4012 -2.50276 -0.293602 -1.9969 0.0390724 -0.201981 -0.0208376 1 3331
0 100 100 0 4012 -2.51823 -0.318438 -1.90721 0.0383626 -0.200237 -0.0217998 1 3336
0 100 99 0 4012 -2.45183 -0.299253 -1.95418 0.0384274 -0.199696 -0.0209577 1 3341
0 100 99 0 4013 -2.52271 -0.292398 -1.8883 0.036929 -0.200208 -0.0211655 1 3346
0 100 100 0 4012 -2.51235 -0.310678 -2.01558 0.0381881 -0.199744 -0.0203838 1 3350
0 100 99 0 4012 -2.46515 -0.345768 -1.94555 0.0388156 -0.199764 -0.0209336 1 3356
0 100 100 0 4012 -2.4744 -0.239458 -1.94289 0.038334 -0.200185 -0.0212043 1 3361
0 100 100 0 4012 -2.49423 -0.264166 -1.96677 0.0389599 -0.20171 -0.0206058 1 3366
0 100 100 0 4012 -2.52271 -0.279972 -1.91162 0.0383955 -0.200649 -0.0215057 1 3371
0 100 99 0 4012 -2.47604 -0.325506 -1.95379 0.038612 -0.199377 -0.0210835 1 3376
0 100 100 0 4013 -2.50477 -0.278234 -1.92531 0.0368739 -0.199792 -0.021276 1 3381
0 100 99 0 4012 -2.51876 -0.317505 -1.96864 0.0372534 -0.200493 -0.0205517 1 3386
0 100 99 0 4012 -2.48441 -0.327572 -1.86887 0.0385417 -0.200124 -0.0203109 1 3391
0 100 99 0 4012 -2.47299 -0.26515 -1.92718 0.0386889 -0.199715 -0.0207603 1 3396
0 100 99 0 4012 -2.50121 -0.308306 -1.97107 0.0380081 -0.201588 -0.0209056 1 3401
0 100 98 0 4012 -2.54329 -0.302046 -1.9955 0.0381817 -0.199472 -0.021791 1 3406
0 100 100 0 4012 -2.47752 -0.306868 -1.94028 0.0386412 -0.19945 -0.0209433 1 3411
0 100 100 0 4012 -2.51949 -0.268103 -1.84468 0.0366427 -0.200026 -0.020857 1 3416
0 100 100 0 4012 -2.48983 -0.295351 -1.91078 0.0379293 -0.19983 -0.0200211 1 3421
0 100 99 0 4012 -2.49226 -0.296598 -1.97362 0.0374949 -0.200241 -0.0201456 1 3426
0 100 100 0 4012 -2.52102 -0.299042 -1.9395 0.0377244 -0.200246 -0.0217093 1 3431
0 100 99 0 4012 -2.52324 -0.295385 -1.97645 0.0387633 -0.199492 -0.0205963 1 3436
0 100 99 0 4012 -2.46431 -0.289946 -1.95918 0.0388175 -0.200361 -0.0212248 1 3441
0 100 99 0 4013 -2.49396 -0.249342 -1.89226 0.0384644 -0.199214 -0.0206671 1 3446
0 100 99 0 4012 -2.49007 -0.264959 -1.90434 0.0383166 -0.198906 -0.0205831 1 3451
0 100 100 0 4012 -2.48175 -0.332533 -1.91079 0.0387805 -0.200135 -0.0208664 1 3456
0 100 100 0 4012 -2.50181 -0.262276 -1.96652 0.0382607 -0.199683 -0.0214445 1 3461
0 100 100 0 4012 -2.43162 -0.315935 -1.98376 0.0382603 -0.200427 -0.0207298 1 3466
0 100 99 0 4012 -2.52221 -0.299089 -1.96477 0.038089 -0.20061 -0.021051 1 3471
0 100 99 0 4012 -2.44677 -0.308443 -1.99407 0.0384661 -0.198806 -0.0209764 1 3476
0 100 99 0 4012 -2.45396 -0.311563 -1.95654 0.0380195 -0.199653 -0.0211311 1 3481
0 100 100 0 4012 -2.47969 -0.253675 -1.95805 0.0377208 -0.200072 -0.0201258 1 3487
0 100 99 0 4012 -2.49568 -0.292879 -1.95964 0.0380176 -0.199327 -0.0204386 1 3492
0 100 100 0 4012 -2.49051 -0.292599 -1.96404 0.0388256 -0.199333 -0.0208567 1 3497
0 100 99 0 4012 -2.46869 -0.293253 -1.95207 0.0381685 -0.1994 -0.0206538 1 3502
0 100 100 0 4012 -2.45541 -0.315248 -2.00286 0.0382742 -0.200103 -0.0213947 1 3506
0 100 100 0 4012 -2.52402 -0.314556 -1.92861 0.0382637 -0.200156 -0.0210869 1 3512
0 100 101 0 4012 -2.47488 -0.292706 -1.97709 0.0384624 -0.199821 -0.0205281 1 3517
0 100 99 0 4012 -2.47146 -0.270506 -1.91066 0.0379437 -0.19994 -0.0204766 1 3521
0 100 99 0 4013 -2.56264 -0.318878 -1.94568 0.0382694 -0.199763 -0.0206481 1 3526
0 100 99 0 4012 -2.48554 -0.309547 -1.95956 0.0386693 -0.198733 -0.0206565 1 3531
0 100 99 0 4012 -2.48957 -0.309721 -1.83696 0.0383438 -0.199671 -0.0209874 1 3537
0 100 100 0 4012 -2.51821 -0.31566 -1.87325 0.0379339 -0.199372 -0.0210014 1 3540
0 100 100 0 4012 -2.48724 -0.287844 -1.94923 0.0383313 -0.198452 -0.0204901 1 3545
0 100 99 0 4013 -2.50588 -0.287588 -1.95989 0.0385606 -0.198282 -0.0204872 1 3549
0 100 99 0 4012 -2.48493 -0.34272 -2.01124 0.0384679 -0.199233 -0.0206499 1 3554
0 100 100 0 4012 -2.50801 -0.361856 -2.01916 0.0379238 -0.199108 -0.020656 1 3557
0 100 99 0 4013 -2.48518 -0.331253 -1.99284 0.0377665 -0.19989 -0.0207659 1 3561
0 100 99 0 4013 -2.46292 -0.313616 -1.8648 0.038399 -0.199781 -0.0212353 1 3566
0 100 100 0 4012 -2.49306 -0.327505 -1.85554 0.0383645 -0.200475 -0.0207234 1 3571
0 100 100 0 4012 -2.50194 -0.322334 -1.98986 0.0385954 -0.199075 -0.0203216 1 3576
0 100 100 0 4012 -2.52359 -0.288115 -1.99233 0.0389577 -0.199664 -0.0205587 1 3580
0 100 100 0 4012 -2.51384 -0.283161 -1.88325 0.0375633 -0.19946 -0.0207091 1 3586
0 100 99 0 4012 -2.51896 -0.264126 -1.91256 0.0378819 -0.199801 -0.0205848 1 3591
0 100 99 0 4012 -2.50268 -0.291056 -1.98861 0.0382825 -0.199131 -0.0206049 1 3596
0 100 98 0 4012 -2.48276 -0.287256 -1.94596 0.0380796 -0.199696 -0.0206421 1 3601
0 100 99 0 4012 -2.4905 -0.296452 -1.9054 0.0373806 -0.198416 -0.0208184 1 3606
0 100 100 0 4012 -2.48406 -0.293123 -1.94122 0.0383898 -0.198958 -0.0209812 1 3610
0 100 99 0 4012 -2.47305 -0.348856 -1.93459 0.0386275 -0.199475 -0.0205883 1 3616
0 100 99 0 4012 -2.46767 -0.328653 -1.95688 0.0394398 -0.200095 -0.0206527 1 3621
0 100 99 0 4012 -2.52788 -0.31081 -1.96916 0.0385832 -0.19894 -0.0208366 1 3626
0 100 99 0 4012 -2.52474 -0.330872 -2.00311 0.0378001 -0.198609 -0.0208624 1 3631
0 100 99 0 4012 -2.50084 -0.307276 -1.94253 0.0374218 -0.199837 -0.0203992 1 3636
0 100 99 0 4012 -2.49446 -0.29184 -1.91618 0.0369837 -0.199801 -0.0211467 1 3641
0 100 99 0 4012 -2.52953 -0.328989 -1.94326 0.0393445 -0.199344 -0.0205702 1 3647
0 100 100 0 4012 -2.53448 -0.344847 -1.99271 0.0383703 -0.199565 -0.0215316 1 3652
0 100 100 0 4012 -2.49255 -0.28109 -1.93529 0.0375341 -0.199791 -0.0202002 1 3657
0 100 99 0 4012 -2.48286 -0.26602 -1.95677 0.037913 -0.199741 -0.0205748 1 3661
0 100 100 0 4013 -2.50592 -0.281199 -1.96089 0.0378103 -0.199365 -0.0214357 1 3667
0 100 100 0 4012 -2.49192 -0.255848 -1.93313 0.0392929 -0.199234 -0.0214092 1 3672
0 100 100 0 4012 -2.47281 -0.287067 -1.9253 0.0381527 -0.198063 -0.0202421 1 3677
0 100 100 0 4012 -2.48488 -0.337339 -1.97934 0.0388231 -0.198325 -0.0208916 1 3682
0 100 100 0 4012 -2.47933 -0.314077 -1.89014 0.0382777 -0.199582 -0.0204959 1 3687
0 100 99 0 4012 -2.50387 -0.288185 -1.83453 0.0379432 -0.198967 -0.0208837 1 3692
0 100 99 0 4012 -2.53824 -0.302439 -1.95707 0.0386868 -0.20068 -0.0206014 1 3697
0 100 99 0 4012 -2.47349 -0.290236 -1.96119 0.0384361 -0.200918 -0.0209011 1 3702
0 100 99 0 4012 -2.48307 -0.268377 -1.96478 0.0375111 -0.197896 -0.0204409 1 3707
0 100 99 0 4012 -2.48601 -0.244558 -1.96482 0.0380694 -0.198299 -0.0206687 1 3712
0 100 100 0 4012 -2.47138 -0.344896 -1.93415 0.0381181 -0.198927 -0.0209402 1 3717
0 100 100 0 4012 -2.47622 -0.330183 -1.8994 0.0381207 -0.199314 -0.0208351 1 3722
0 100 100 0 4012 -2.4803 -0.286715 -1.95199 0.0389415 -0.198977 -0.0201449 1 3727
0 100 100 0 4012 -2.48821 -0.30595 -1.99222 0.0382062 -0.198256 -0.020347 1 3731
0 100 99 0 4012 -2.52986 -0.306194 -1.98677 0.0388775 -0.198011 -0.020154 1 3736
0 100 100 0 4012 -2.46912 -0.32585 -2.05038 0.0387717 -0.198765 -0.0219273 1 3741
0 100 100 0 4012 -2.4959 -0.311277 -1.87458 0.0383027 -0.199775 -0.0209734 1 3745
0 100 100 0 4012 -2.512 -0.311878 -1.96314 0.0373514 -0.198936 -0.0212503 1 3750
0 100 100 0 4012 -2.48334 -0.305197 -1.92229 0.0385535 -0.198545 -0.0208673 1 3755
0 100 99 0 4012 -2.50862 -0.247501 -1.95713 0.0375377 -0.198595 -0.0203331 1 3760
0 100 99 0 4012 -2.50439 -0.323759 -1.94854 0.0389415 -0.199266 -0.0202889 1 3765
0 100 100 0 4012 -2.46068 -0.29353 -1.94977 0.0386798 -0.198668 -0.0216049 1 3770
0 100 100 0 4012 -2.54262 -0.270721 -1.92614 0.0377856 -0.198322 -0.0205111 1 3775
0 100 99 0 4012 -2.48137 -0.306282 -1.95148 0.0396085 -0.19833 -0.020916 1 3780
0 100 98 0 4012 -2.47866 -0.285034 -1.9447 0.0379546 -0.199598 -0.0203739 1 3785
0 100 98 0 4012 -2.50613 -0.323486 -1.93341 0.0386053 -0.199331 -0.0216416 1 3790
0 100 100 0 4012 -2.49555 -0.262579 -1.94129 0.0382346 -0.197917 -0.0205034 1 3795
0 100 100 0 4012 -2.51166 -0.311741 -2.04742 0.0382836 -0.198666 -0.0207334 1 3800
0 100 100 0 4012 -2.49178 -0.330198 -2.00526 0.0389454 -0.1996 -0.0210967 1 3805
0 100 99 0 4012 -2.53389 -0.318893 -1.94938 0.0377376 -0.198992 -0.0216421 1 3809
0 100 101 0 4012 -2.54494 -0.316998 -1.99403 0.0384674 -0.198741 -0.0218183 1 3813
0 100 100 0 4012 -2.49781 -0.276924 -1.90473 0.0380518 -0.197174 -0.0213167 1 3819
0 100 99 0 4013 -2.46328 -0.296797 -1.95188 0.036979 -0.197727 -0.0201287 1 3823
0 100 99 0 4012 -2.46667 -0.367374 -1.92658 0.0379215 -0.198872 -0.02076 1 3828
0 100 100 0 4012 -2.48038 -0.347437 -1.99244 0.03844 -0.198704 -0.0200657 1 3832
0 100 100 0 4012 -2.50682 -0.316385 -2.04908 0.0379246 -0.199271 -0.0208648 1 3836
0 100 100 0 4012 -2.51932 -0.28153 -2.05359 0.0390064 -0.198762 -0.0203821 1 3840
0 100 99 0 4012 -2.4916 -0.298748 -2.02549 0.0381535 -0.198304 -0.0203773 1 3844
0 100 100 0 4012 -2.49405 -0.289801 -2.00315 0.0380032 -0.19898 -0.0204988 1 3848
0 100 99 0 4012 -2.51175 -0.271803 -1.98158 0.037961 -0.198525 -0.020973 1 3853
0 100 99 0 4012 -2.49316 -0.266382 -1.9852 0.0379087 -0.199548 -0.0212719 1 3858
0 100 100 0 4012 -2.46739 -0.276716 -1.95155 0.0379262 -0.199771 -0.0209175 1 3862
0 100 99 0 4013 -2.49209 -0.256895 -1.93804 0.0383376 -0.198837 -0.0207943 1 3867
0 100 99 0 4012 -2.54335 -0.295219 -1.94317 0.0384586 -0.198325 -0.0208181 1 3872
0 100 100 0 4012 -2.47501 -0.286377 -1.93683 0.03826 -0.197562 -0.0206942 1 3876
0 100 100 0 4012 -2.46908 -0.278543 -1.97896 0.0387433 -0.197049 -0.0203611 1 3880
0 100 99 0 4012 -2.51146 -0.263611 -1.96678 0.039023 -0.197543 -0.0203365 1 3885
0 100 100 0 4012 -2.49707 -0.297459 -1.98645 0.03763 -0.198343 -0.0206667 1 3890
0 100 98 0 4012 -2.46722 -0.344645 -1.90824 0.0379742 -0.199212 -0.0209312 1 3894
0 100 99 0 4012 -2.49352 -0.257362 -1.96916 0.0384312 -0.198681 -0.0215655 1 3899
0 100 99 0 4012 -2.46722 -0.280252 -1.92296 0.0381132 -0.199724 -0.0209334 1 3904
0 100 99 0 4012 -2.46411 -0.277323 -1.99452 0.0369728 -0.197531 -0.0204544 1 3909
0 100 100 0 4012 -2.48269 -0.252956 -1.99312 0.0382236 -0.197375 -0.0205278 1 3914
0 100 100 0 4012 -2.45957 -0.327768 -1.92828 0.0378109 -0.198941 -0.0205592 1 3920
0 100 101 0 4012 -2.49789 -0.324942 -1.99125 0.0389541 -0.199501 -0.0209546 1 3925
0 100 99 0 4012 -2.47554 -0.274462 -1.93246 0.0380859 -0.197388 -0.021472 1 3929
0 100 99 0 4012 -2.4801 -0.328709 -1.96076 0.0377984 -0.198218 -0.0221471 1 3934
0 100 99 0 4013 -2.44918 -0.265215 -1.97706 0.0387535 -0.198382 -0.0201223 1 3939
0 100 100 0 4012 -2.45805 -0.305555 -2.04084 0.0386078 -0.197477 -0.0207441 1 3943
0 100 100 0 4012 -2.50871 -0.285677 -1.99856 0.0382541 -0.197443 -0.0208307 1 3947
0 100 100 0 4012 -2.49916 -0.234253 -1.9466 0.0383618 -0.1975 -0.0209959 1 3952
0 100 99 0 4012 -2.51788 -0.308561 -2.00428 0.0383868 -0.197608 -0.0204731 1 3956
0 100 99 0 4012 -2.5321 -0.236609 -1.98878 0.0385506 -0.198015 -0.0207482 1 3960
0 100 99 0 4012 -2.53998 -0.269964 -1.96677 0.0384246 -0.198077 -0.0207814 1 3965
0 100 100 0 4012 -2.48231 -0.292303 -1.9391 0.0382948 -0.197676 -0.020647 1 3970
0 100 100 0 4012 -2.48818 -0.314928 -2.00818 0.0379949 -0.197912 -0.0207752 1 3975
0 100 100 0 4012 -2.44914 -0.346897 -1.9971 0.0387309 -0.198637 -0.0206695 1 3980
0 100 100 0 4012 -2.50515 -0.311708 -1.89495 0.0378802 -0.196793 -0.0213768 1 3985
0 100 100 0 4012 -2.48663 -0.299664 -1.94021 0.0370369 -0.197318 -0.020874 1 3990
0 100 99 0 4012 -2.48473 -0.266476 -1.89841 0.0374196 -0.197953 -0.0203717 1 3994
0 100 99 0 4012 -2.50946 -0.236914 -1.90568 0.038421 -0.198023 -0.0209322 1 3999
0 100 100 0 4012 -2.47983 -0.299189 -1.94901 0.038774 -0.197785 -0.0207704 1 4004
0 100 100 0 4013 -2.53156 -0.269119 -2.03258 0.037402 -0.197868 -0.0204134 1 4009
0 100 100 0 4012 -2.49364 -0.316339 -2.01828 0.0396258 -0.197426 -0.0204869 1 4014
0 100 100 0 4012 -2.47849 -0.327454 -1.86876 0.0388917 -0.198676 -0.0205452 1 4019
0 100 99 0 4012 -2.45688 -0.343441 -1.93191 0.0383723 -0.198447 -0.0205493 1 4024
0 100 99 0 4012 -2.50811 -0.272982 -1.95131 0.0384519 -0.199345 -0.0204788 1 4029
0 100 98 0 4012 -2.4929 -0.299532 -1.95975 0.0387712 -0.19749 -0.0215275 1 4034
0 100 99 0 4012 -2.50754 -0.305693 -1.9144 0.0378608 -0.198519 -0.0207301 1 4039
0 100 100 0 4012 -2.50689 -0.275446 -1.93905 0.0390635 -0.197482 -0.0212476 1 4044
0 100 99 0 4012 -2.53925 -0.245716 -2.01689 0.0387077 -0.19702 -0.0206241 1 4048
0 100 99 0 4012 -2.53895 -0.290741 -2.00624 0.0380949 -0.197622 -0.0211053 1 4053
0 100 100 0 4013 -2.4919 -0.2554 -1.94901 0.0379223 -0.197828 -0.0209279 1 4057
0 100 100 0 4012 -2.47422 -0.289213 -1.93172 0.0386187 -0.196865 -0.0215042 1 4062
0 100 99 0 4013 -2.51766 -0.302649 -1.93714 0.0376781 -0.197905 -0.0207752 1 4067
0 100 99 0 4012 -2.45471 -0.28269 -2.01288 0.0384215 -0.197778 -0.0201509 1 4072
0 100 99 0 4012 -2.48283 -0.293886 -1.96597 0.0384374 -0.199189 -0.0197163 1 4076
0 100 101 0 4012 -2.4603 -0.317833 -2.00562 0.0386276 -0.197472 -0.020777 1 4081
0 100 100 0 4012 -2.45191 -0.284758 -2.02828 0.0381888 -0.19746 -0.0204008 1 4086
0 100 100 0 4012 -2.48238 -0.282032 -1.87423 0.0385066 -0.197941 -0.0207838 1 4092
0 100 99 0 4012 -2.53432 -0.281151 -1.97423 0.0381267 -0.198489 -0.020805 1 4096
0 100 100 0 4012 -2.51471 -0.298418 -2.00483 0.0377827 -0.198093 -0.0204201 1 4102
0 100 99 0 4012 -2.49925 -0.299053 -2.00376 0.0371655 -0.198012 -0.0202853 1 4107
0 100 99 0 4012 -2.53009 -0.312679 -1.98026 0.0379283 -0.198636 -0.0212104 1 4112
0 100 100 0 4012 -2.5082 -0.322165 -2.01309 0.0386298 -0.19876 -0.0208634 1 4117
0 100 99 0 4012 -2.46586 -0.283243 -1.98935 0.0391852 -0.197534 -0.0216015 1 4122
0 100 99 0 4012 -2.48061 -0.307579 -1.87377 0.0385727 -0.198963 -0.0205841 1 4127
0 100 100 0 4013 -2.51039 -0.239077 -1.87643 0.0388275 -0.198181 -0.0211959 1 4132
0 100 99 0 4012 -2.55099 -0.276228 -1.97822 0.0384521 -0.197449 -0.02134 1 4137
0 100 100 0 4012 -2.46298 -0.286182 -1.97882 0.0383239 -0.196454 -0.0208069 1 4142
0 100 99 0 4012 -2.49054 -0.287224 -2.00766 0.0385612 -0.197829 -0.0199309 1 4147
0 100 100 0 4012 -2.51121 -0.323957 -1.99959 0.0387303 -0.198078 -0.0206142 1 4152
0 100 100 0 4012 -2.49609 -0.310904 -1.96471 0.0381025 -0.197439 -0.0206469 1 4157
0 100 100 0 4012 -2.457 -0.303268 -2.05454 0.0383422 -0.198125 -0.0204983 1 4162
0 100 100 0 4012 -2.49231 -0.330837 -2.0039 0.038697 -0.198432 -0.0209381 1 4167
0 100 99 0 4012 -2.4915 -0.247862 -1.94582 0.0381157 -0.198134 -0.0210183 1 4172
0 100 100 0 4012 -2.48404 -0.31283 -1.937 0.0383554 -0.197942 -0.0211164 1 4177
0 100 100 0 4013 -2.49104 -0.260584 -1.90727 0.037955 -0.197914 -0.0209152 1 4182
0 100 99 0 4012 -2.48774 -0.307192 -1.95311 0.0388644 -0.197554 -0.0208368 1 4187
0 100 99 0 4012 -2.49198 -0.270798 -2.01481 0.03803 -0.196958 -0.0207749 1 4192
0 100 99 0 4012 -2.4875 -0.315916 -2.00942 0.0383887 -0.197545 -0.0200446 1 4197
0 100 99 0 4012 -2.45219 -0.338396 -1.98122 0.0385063 -0.19808 -0.0209728 1 4202
0 100 99 0 4012 -2.4533 -0.307472 -1.92745 0.0385176 -0.198106 -0.0207068 1 4207
0 100 100 0 4012 -2.50077 -0.279009 -1.99842 0.0384436 -0.199109 -0.0202309 1 4212
0 100 100 0 4012 -2.47165 -0.291853 -2.02878 0.0388826 -0.197806 -0.0214283 1 4217
0 100 100 0 4013 -2.48625 -0.228354 -1.86281 0.0393143 -0.198092 -0.0209873 1 4222
0 100 99 0 4013 -2.47203 -0.27981 -1.88911 0.0381964 -0.197868 -0.0207229 1 4227
0 100 99 0 4012 -2.47556 -0.264307 -1.99738 0.0387166 -0.197399 -0.019736 1 4233
0 100 98 0 4012 -2.5052 -0.295713 -1.99464 0.0386516 -0.197722 -0.0200772 1 4238
0 100 99 0 4012 -2.48672 -0.234245 -1.95595 0.0382507 -0.197222 -0.020714 1 4243
0 100 100 0 4012 -2.46991 -0.275608 -1.97662 0.0385908 -0.19745 -0.0200886 1 4248
0 100 100 0 4012 -2.4578 -0.297243 -1.95719 0.0385926 -0.198382 -0.0208036 1 4253
0 100 99 0 4012 -2.46545 -0.329521 -1.99592 0.0388659 -0.19791 -0.020819 1 4258
0 100 99 0 4012 -2.47108 -0.314035 -1.996 0.0380224 -0.198218 -0.0208248 1 4263
0 100 99 0 4012 -2.47597 -0.289623 -1.97933 0.0387012 -0.197905 -0.0205349 1 4268
0 100 99 0 4012 -2.46152 -0.291063 -1.9245 0.0383495 -0.197989 -0.0212347 1 4273
0 100 99 0 4012 -2.45735 -0.321402 -1.92991 0.0376413 -0.197524 -0.0207618 1 4278
0 100 100 0 4013 -2.48963 -0.269533 -1.91205 0.0371034 -0.197631 -0.0213981 1 4283
0 100 100 0 4012 -2.48869 -0.284849 -2.00953 0.0381298 -0.197434 -0.0214246 1 4288
0 100 100 0 4012 -2.52911 -0.269934 -1.95327 0.0377343 -0.197209 -0.0214227 1 4293
0 100 99 0 4012 -2.52642 -0.273123 -1.96896 0.0381012 -0.198426 -0.0212091 1 4298
0 100 99 0 4012 -2.51925 -0.285845 -1.9163 0.0377693 -0.1981 -0.0203426 1 4303
0 100 98 0 4012 -2.51565 -0.313646 -1.89488 0.0383388 -0.198134 -0.0209955 1 4308
0 100 100 0 4012 -2.52291 -0.274776 -1.9474 0.038236 -0.197341 -0.0208054 1 4313
0 100 100 0 4012 -2.50551 -0.32707 -1.96438 0.0380573 -0.197448 -0.0212008 1 4318
0 100 100 0 4012 -2.4873 -0.310051 -1.97556 0.0391241 -0.197212 -0.0211172 1 4323
0 100 100 0 4012 -2.48779 -0.311483 -1.88673 0.0387635 -0.197679 -0.0207239 1 4328
0 100 99 0 4012 -2.46629 -0.302427 -1.95761 0.0384275 -0.196284 -0.0205326 1 4333
0 100 100 0 4012 -2.46129 -0.279875 -1.96946 0.0384295 -0.196135 -0.0214547 1 4338
0 100 100 0 4012 -2.44799 -0.248701 -2.02422 0.0381864 -0.197719 -0.0209131 1 4343
0 100 99 0 4013 -2.4964 -0.234091 -1.97123 0.038469 -0.197791 -0.0208724 1 4348
0 100 100 0 4013 -2.49853 -0.311296 -1.94973 0.0375017 -0.197238 -0.0204312 1 4353
0 100 101 0 4012 -2.50019 -0.309072 -1.87457 0.0378284 -0.197083 -0.021036 1 4358
0 100 100 0 4012 -2.49728 -0.23625 -1.99107 0.0384893 -0.196617 -0.0210375 1 4363
0 100 99 0 4012 -2.51249 -0.297085 -1.95519 0.038347 -0.197133 -0.0212416 1 4368
0 100 99 0 4012 -2.4892 -0.268904 -1.91065 0.0374701 -0.197753 -0.020844 1 4373
0 100 100 0 4012 -2.48989 -0.303621 -1.87965 0.0390004 -0.197606 -0.0205894 1 4378
0 100 99 0 4012 -2.49122 -0.269354 -1.93678 0.037964 -0.197224 -0.0209938 1 4383
0 100 99 0 4013 -2.4803 -0.266359 -1.94976 0.0381752 -0.196243 -0.0221262 1 4388
0 100 99 0 4012 -2.46953 -0.308357 -1.87173 0.038667 -0.196978 -0.0206838 1 4393
0 100 99 0 4012 -2.51508 -0.291834 -1.96076 0.0378895 -0.197848 -0.0211892 1 4398
0 100 99 0 4012 -2.49396 -0.314297 -1.9582 0.0371562 -0.196995 -0.0205662 1 4404
0 100 100 0 4012 -2.4913 -0.254749 -1.95132 0.0382875 -0.196299 -0.0206687 1 4409
0 100 100 0 4013 -2.52408 -0.286215 -1.9626 0.0380151 -0.197492 -0.0206953 1 4414
0 100 99 0 4013 -2.49527 -0.23086 -1.91516 0.038069 -0.196917 -0.0206713 1 4419
0 100 98 0 4012 -2.49613 -0.301523 -1.9758 0.0385612 -0.196361 -0.0206584 1 4424
0 100 99 0 4012 -2.55092 -0.26532 -2.00944 0.038398 -0.196608 -0.0207693 1 4429
0 100 100 0 4012 -2.47286 -0.254749 -1.96641 0.0381964 -0.196425 -0.0210844 1 4434
0 100 99 0 4012 -2.48729 -0.282301 -1.86965 0.0375973 -0.197407 -0.0200747 1 4439
0 100 99 0 4012 -2.46872 -0.283815 -1.98405 0.0386382 -0.195689 -0.0202525 1 4444
0 100 100 0 4012 -2.46632 -0.299231 -1.96052 0.038121 -0.195512 -0.0213127 1 4449
0 100 100 0 4012 -2.48318 -0.26429 -1.97881 0.0380738 -0.196005 -0.0205684 1 4455
0 100 100 0 4012 -2.50632 -0.316561 -1.95343 0.0384909 -0.196641 -0.0210473 1 4460
0 100 99 0 4012 -2.48646 -0.300303 -1.98718 0.0376418 -0.197031 -0.0204965 1 4465
0 100 100 0 4012 -2.47533 -0.246595 -1.95963 0.0388604 -0.19732 -0.0209095 1 4470
0 100 100 0 4012 -2.46998 -0.2747 -1.95974 0.0380301 -0.195932 -0.0202116 1 4475
0 100 100 0 4012 -2.46666 -0.264418 -1.9064 0.0379486 -0.196778 -0.0207737 1 4480
0 100 100 0 4012 -2.49244 -0.321281 -2.02273 0.0393571 -0.196175 -0.0195488 1 4486
0 100 100 0 4012 -2.45994 -0.292528 -1.99065 0.038962 -0.196898 -0.0199718 1 4491
0 100 99 0 4012 -2.42229 -0.308462 -1.98956 0.038703 -0.197246 -0.0206589 1 4496
0 100 100 0 4013 -2.44955 -0.258436 -1.99553 0.0385482 -0.197056 -0.0206637 1 4501
0 100 100 0 4013 -2.46498 -0.280865 -2.01038 0.0373769 -0.196836 -0.0203323 1 4506
0 100 99 0 4012 -2.48559 -0.298807 -1.9842 0.0369855 -0.195624 -0.0201313 1 4510
0 100 100 0 4013 -2.50793 -0.321836 -1.93685 0.037856 -0.196907 -0.0206964 1 4514
0 100 99 0 4012 -2.49791 -0.324923 -1.95143 0.0377196 -0.197544 -0.020659 1 4518
0 100 99 0 4012 -2.46546 -0.357534 -2.02938 0.0373183 -0.19756 -0.0208996 1 4522
0 100 100 0 4012 -2.49634 -0.340559 -2.00981 0.0385249 -0.196002 -0.0211861 1 4526
0 100 99 0 4012 -2.49476 -0.29014 -1.95765 0.0386038 -0.196955 -0.0207191 1 4530
0 100 99 0 4012 -2.47079 -0.301901 -1.90271 0.0384322 -0.197317 -0.0205325 1 4534
0 100 99 0 4012 -2.46991 -0.299324 -2.02447 0.0393404 -0.197415 -0.0203849 1 4539
0 100 100 0 4012 -2.49272 -0.308924 -1.9669 0.0381221 -0.19729 -0.0201133 1 4543
0 100 99 0 4012 -2.47371 -0.276352 -1.95577 0.0385525 -0.195878 -0.0202608 1 4547
0 100 99 0 4012 -2.4662 -0.306353 -1.9473 0.0381757 -0.195441 -0.0213544 1 4552
0 100 100 0 4012 -2.49904 -0.312681 -1.91935 0.038475 -0.196972 -0.0211506 1 4557
0 100 100 0 4013 -2.48486 -0.285172 -1.9308 0.0380944 -0.197439 -0.0209977 1 4562
0 100 99 0 4012 -2.48004 -0.295393 -1.94898 0.0391459 -0.197491 -0.0214913 1 4567
0 100 99 0 4012 -2.48884 -0.333746 -1.96205 0.0378591 -0.196789 -0.0210065 1 4572
0 100 99 0 4012 -2.46511 -0.305754 -1.92252 0.0382568 -0.197099 -0.0206967 1 4576
0 100 99 0 4012 -2.47128 -0.262156 -2.03672 0.0380864 -0.19693 -0.0200783 1 4580
0 100 99 0 4012 -2.52722 -0.254162 -2.00862 0.0376898 -0.196571 -0.0200557 1 4585
0 100 100 0 4012 -2.48066 -0.282816 -1.95503 0.0379013 -0.195985 -0.0207617 1 4589
0 100 100 0 4012 -2.45362 -0.267586 -1.909 0.0379076 -0.196992 -0.0213396 1 4593
0 100 100 0 4012 -2.48824 -0.331108 -1.99221 0.0381175 -0.196393 -0.0216247 1 4597
0 100 100 0 4012 -2.4869 -0.310253 -2.05578 0.0379962 -0.196799 -0.0206369 1 4602
0 100 100 0 4012 -2.44463 -0.290419 -2.02245 0.0391014 -0.196451 -0.0204627 1 4607
0 100 99 0 4012 -2.48041 -0.299574 -2.02012 0.0381474 -0.196594 -0.0200045 1 4612
0 100 100 0 4013 -2.47517 -0.317434 -1.98294 0.0373079 -0.195096 -0.0200538 1 4617
0 100 99 0 4012 -2.45322 -0.315968 -1.99705 0.0383645 -0.19595 -0.0200614 1 4622
0 100 99 0 4012 -2.52294 -0.299105 -2.0245 0.0382062 -0.196295 -0.0208786 1 4627
0 100 99 0 4012 -2.48916 -0.242443 -1.99558 0.0383068 -0.195687 -0.020484 1 4631
0 100 100 0 4012 -2.4799 -0.276094 -1.94083 0.0371987 -0.196284 -0.0210594 1 4636
0 100 99 0 4012 -2.45131 -0.349926 -1.99734 0.0388149 -0.197326 -0.0209851 1 4640
0 100 99 0 4012 -2.46179 -0.305582 -2.01699 0.0392151 -0.196576 -0.0207221 1 4644
0 100 100 0 4012 -2.47026 -0.243376 -2.00577 0.0387774 -0.196571 -0.0207486 1 4648
0 100 99 0 4012 -2.50764 -0.260929 -1.95924 0.0378963 -0.196572 -0.0209698 1 4652
0 100 100 0 4012 -2.51383 -0.316889 -1.9994 0.0384833 -0.197273 -0.0217725 1 4656
0 100 100 0 4012 -2.49439 -0.288321 -2.05081 0.0392892 -0.197733 -0.0208032 1 4660
0 100 99 0 4012 -2.50185 -0.292725 -1.97442 0.0382078 -0.196461 -0.0202915 1 4664
0 100 100 0 4012 -2.48955 -0.287619 -1.93881 0.0383654 -0.195959 -0.0210938 1 4668
0 100 99 0 4012 -2.48046 -0.295553 -1.97992 0.0389655 -0.197257 -0.0217003 1 4672
0 100 100 0 4012 -2.44805 -0.329189 -2.02099 0.0379674 -0.196236 -0.021095 1 4676
0 100 99 0 4012 -2.44258 -0.280424 -1.92089 0.038215 -0.196044 -0.0202834 1 4680
0 100 99 0 4012 -2.50832 -0.258131 -1.92116 0.03785 -0.196867 -0.0206201 1 4685
0 100 100 0 4012 -2.46447 -0.304045 -1.84767 0.0385141 -0.196872 -0.0208327 1 4689
0 100 99 0 4012 -2.45662 -0.325449 -1.947 0.0383978 -0.196494 -0.0205125 1 4693
0 100 98 0 4013 -2.45122 -0.264542 -2.05657 0.0382529 -0.196131 -0.0211503 1 4697
0 100 100 0 4012 -2.50413 -0.262178 -1.95921 0.0381625 -0.196805 -0.0213551 1 4702
0 100 99 0 4012 -2.46778 -0.286985 -1.96938 0.0386307 -0.195892 -0.0215666 1 4706
0 100 99 0 4012 -2.45966 -0.291773 -2.07723 0.0388032 -0.196571 -0.0216084 1 4710
0 100 100 0 4012 -2.46397 -0.256348 -1.98368 0.0384043 -0.196601 -0.0201812 1 4714
0 100 99 0 4012 -2.47973 -0.298523 -1.98522 0.039175 -0.195468 -0.0206359 1 4720
0 100 100 0 4013 -2.49176 -0.304193 -2.03345 0.0381836 -0.196475 -0.0207415 1 4724
0 100 100 0 4012 -2.47919 -0.287756 -1.94346 0.0375733 -0.195997 -0.0212907 1 4729
0 100 100 0 4013 -2.51513 -0.291571 -1.96145 0.0382186 -0.196844 -0.0207488 1 4734
0 100 100 0 4013 -2.50317 -0.291834 -1.96241 0.0381625 -0.197204 -0.0213801 1 4740
0 100 99 0 4012 -2.47929 -0.2983 -1.96436 0.0375031 -0.197128 -0.0208482 1 4744
0 100 99 0 4012 -2.46649 -0.31464 -2.01355 0.0383072 -0.195782 -0.0205062 1 4750
0 100 100 0 4012 -2.48239 -0.305075 -2.01667 0.0392083 -0.195439 -0.0201987 1 4755
0 100 100 0 4012 -2.46373 -0.271601 -1.96327 0.0375161 -0.19575 -0.0201866 1 4759
0 100 99 0 4012 -2.48006 -0.305323 -1.93445 0.0383806 -0.195704 -0.0206521 1 4763
0 100 100 0 4013 -2.46732 -0.337046 -1.94884 0.0383208 -0.196074 -0.0207312 1 4768
0 100 100 0 4013 -2.50737 -0.305347 -2.04258 0.0387534 -0.19738 -0.0207428 1 4772
0 100 99 0 4012 -2.50434 -0.291937 -2.0109 0.0383886 -0.195321 -0.0207315 1 4776
0 100 100 0 4012 -2.48348 -0.288912 -1.99993 0.0383549 -0.195911 -0.0209385 1 4780
0 100 100 0 4012 -2.45507 -0.323133 -2.01592 0.0391519 -0.196689 -0.0209712 1 4785
0 100 99 0 4012 -2.4687 -0.301907 -1.96546 0.0384661 -0.196587 -0.020668 1 4791
0 100 99 0 4012 -2.42285 -0.342112 -2.04324 0.0387477 -0.196483 -0.0207698 1 4796
0 100 99 0 4012 -2.5006 -0.302288 -2.01284 0.0382824 -0.195948 -0.0202627 1 4801
0 100 100 0 4012 -2.52019 -0.236191 -1.95328 0.0379145 -0.195896 -0.0203798 1 4806
0 100 100 0 4012 -2.46465 -0.277706 -1.92987 0.0375985 -0.195787 -0.0212942 1 4811
0 100 100 0 4012 -2.47102 -0.323626 -1.90187 0.0382409 -0.19685 -0.0206656 1 4816
0 100 99 0 4012 -2.42393 -0.283651 -1.92178 0.038452 -0.196251 -0.0209228 1 4822
0 100 99 0 4012 -2.48549 -0.331163 -1.96663 0.038484 -0.196231 -0.020662 1 4827
0 100 99 0 4012 -2.50593 -0.299673 -2.01021 0.0385824 -0.197059 -0.0205741 1 4832
0 100 98 0 4013 -2.46712 -0.32584 -2.06261 0.0377343 -0.195474 -0.0203811 1 4837
0 100 100 0 4012 -2.49679 -0.285461 -1.96927 0.0373676 -0.195137 -0.0205282 1 4841
0 100 99 0 4012 -2.48952 -0.339804 -1.88401 0.0382128 -0.197134 -0.0204709 1 4845
0 100 99 0 4012 -2.47017 -0.321865 -2.01247 0.0385076 -0.196403 -0.020372 1 4850
0 100 100 0 4012 -2.432 -0.322802 -2.00956 0.0387878 -0.195404 -0.0207103 1 4854
0 100 100 0 4012 -2.48225 -0.271374 -1.93477 0.0380249 -0.195326 -0.0204434 1 4859
0 100 99 0 4013 -2.49094 -0.251493 -1.95194 0.0377439 -0.196947 -0.0205259 1 4863
0 100 100 0 4013 -2.47048 -0.322876 -1.95095 0.0382818 -0.195984 -0.0207737 1 4867
0 100 100 0 4012 -2.45557 -0.274973 -2.0243 0.0377277 -0.196583 -0.020593 1 4871
0 100 98 0 4012 -2.47675 -0.302578 -1.91332 0.0393507 -0.196333 -0.0208831 1 4875
0 100 100 0 4012 -2.4371 -0.293501 -2.00974 0.0389037 -0.196604 -0.0199231 1 4879
0 100 99 0 4013 -2.47686 -0.309996 -1.99773 0.0384247 -0.195205 -0.0201625 1 4883
