stoptorque goal_current current velocity position Fx Fy Fz Mx My Mz counterclock Time
0 170 0 0 3913 -0.0429153 0.0708542 0.00229836 0.00124955 0.000142522 0.000166371 1 5
0 170 178 0 3913 -0.13118 -0.0125408 -0.0697212 0.000340581 0.00325125 0.00034906 1 10
0 170 166 1 3915 -0.386665 0.134514 0.0362892 0.00646484 -0.0342745 0.0110375 1 15
0 170 168 13 3921 -1.18699 -0.257694 -0.431341 0.0123109 -0.0713793 -0.0132496 1 20
0 170 171 29 3929 -3.68477 -1.02254 -0.917406 0.053284 -0.140211 -0.0343713 1 25
0 170 172 48 3939 -5.74331 -0.987944 -2.71022 0.0792007 -0.233676 -0.0677705 1 30
0 170 172 63 3948 -7.11299 -0.773247 -3.75666 0.0863333 -0.315853 -0.0823236 1 34
0 170 171 79 3954 -7.25793 -0.702662 -4.53601 0.0940579 -0.352537 -0.104519 1 39
0 170 173 90 3960 -6.32681 -0.120838 -4.95056 0.100601 -0.389297 -0.0972388 1 43
0 170 172 93 3964 -4.49211 0.185959 -6.39347 0.0919557 -0.37743 -0.097891 1 49
0 170 170 85 3967 -2.16054 0.526623 -4.96326 0.0576589 -0.354598 -0.0808096 1 54
0 170 168 75 3970 -0.457614 0.844069 -1.86761 0.0214839 -0.33999 -0.0629761 1 59
0 170 169 62 3973 -0.00121307 0.695246 -0.142748 -0.00190318 -0.281684 -0.0621135 1 64
0 170 169 55 3978 0.457746 0.57473 3.6111 -0.00736725 -0.283175 -0.0414153 1 69
0 170 168 53 3985 -0.0427008 0.207632 5.34692 -0.00357854 -0.301702 -0.0380649 1 73
0 170 167 56 3992 -0.977964 -0.0733299 4.45551 0.00139022 -0.320827 -0.0428066 1 79
0 170 171 64 3999 -2.08841 -0.225367 4.50677 0.0155514 -0.387558 -0.0352891 1 83
0 170 170 79 4013 -4.66058 -0.34058 4.01966 0.0436037 -0.498772 -0.052563 1 93
0 170 173 79 4016 -4.71221 -0.3682 2.75893 0.047569 -0.54008 -0.0583482 1 98
0 170 171 71 4018 -3.72543 -0.205292 1.13884 0.0522577 -0.563446 -0.0608636 1 103
0 170 171 58 4018 -2.71579 0.327288 -0.0900497 0.0467556 -0.56408 -0.0680739 1 108
0 170 169 43 4018 -2.09062 0.411978 -0.530436 0.0385433 -0.552293 -0.0750713 1 113
0 170 168 29 4017 -1.89157 0.249582 -0.478535 0.0437499 -0.537474 -0.0653468 1 118
0 170 170 12 4018 -2.23262 0.267794 0.350605 0.0420585 -0.507064 -0.0621672 1 125
0 170 169 4 4018 -2.5511 0.0670719 1.28473 0.0355301 -0.477608 -0.058527 1 129
0 170 168 0 4018 -2.71944 -0.0296631 1.98916 0.034327 -0.462533 -0.0524283 1 134
0 170 170 0 4017 -2.85682 0.035059 2.22976 0.0369607 -0.450258 -0.0503855 1 139
0 170 169 0 4018 -2.8032 -0.159363 2.12849 0.0356754 -0.439279 -0.0493428 1 144
0 170 170 0 4017 -2.57322 -0.0617523 2.02646 0.0354457 -0.437845 -0.050008 1 149
0 170 168 0 4018 -2.50452 -0.0253601 1.66723 0.038053 -0.433174 -0.0516829 1 154
0 170 170 0 4018 -2.37822 -0.101112 1.47878 0.0358251 -0.428807 -0.0520843 1 159
0 170 170 0 4018 -2.25761 0.026619 1.41778 0.0349249 -0.426119 -0.0535621 1 164
0 170 168 0 4018 -2.27896 0.0871067 1.38105 0.039866 -0.421139 -0.0500399 1 169
0 170 169 0 4018 -2.23292 -0.00832558 1.44379 0.034591 -0.417057 -0.0517918 1 174
0 170 169 0 4018 -2.14213 0.139015 1.51964 0.0339562 -0.420784 -0.0526405 1 179
0 170 170 0 4018 -2.2273 0.180452 1.57431 0.0344265 -0.417267 -0.0526988 1 184
0 170 170 0 4018 -2.2015 0.125765 1.66561 0.0316845 -0.416942 -0.0545023 1 188
0 170 170 0 4018 -2.16506 0.187063 1.63851 0.0357242 -0.421346 -0.0531914 1 193
0 170 169 0 4018 -2.21924 0.287416 1.50789 0.0345466 -0.419671 -0.0547505 1 198
0 170 169 0 4018 -2.15945 0.380648 1.46157 0.0271814 -0.42079 -0.0573227 1 203
0 170 170 0 4018 -2.12786 0.51502 1.38785 0.0284994 -0.424074 -0.057414 1 208
0 170 169 0 4018 -2.24956 0.463612 1.3482 0.0276781 -0.418461 -0.0566699 1 213
0 170 169 0 4018 -2.1406 0.442698 1.31704 0.0255094 -0.419631 -0.0556341 1 218
0 170 169 0 4018 -2.24733 0.533443 1.1988 0.0307257 -0.41737 -0.0546609 1 224
0 170 170 0 4018 -2.27159 0.381948 1.25065 0.0292321 -0.413515 -0.0530827 1 229
0 170 170 0 4018 -2.2259 0.392252 1.28727 0.032909 -0.414834 -0.0515354 1 234
0 170 168 0 4018 -2.34586 0.278807 1.25045 0.0331233 -0.409412 -0.0515248 1 239
0 170 170 0 4018 -2.28104 0.231787 1.24755 0.0323782 -0.409048 -0.0495639 1 245
0 170 168 0 4018 -2.41614 0.245094 1.16208 0.0357051 -0.405443 -0.0494834 1 250
0 170 170 0 4018 -2.38133 0.16292 1.16158 0.0333046 -0.403596 -0.0482914 1 255
0 170 169 0 4018 -2.33435 0.233459 1.14248 0.0337772 -0.404569 -0.0478097 1 260
0 170 170 0 4018 -2.48634 0.213333 1.08133 0.0350929 -0.40038 -0.0486027 1 265
0 170 169 0 4018 -2.37037 0.126337 1.15416 0.0331442 -0.402125 -0.0483022 1 270
0 170 170 0 4018 -2.44397 0.25234 1.10472 0.0356227 -0.400486 -0.0485558 1 276
0 170 169 0 4018 -2.34973 0.147991 1.10944 0.0318969 -0.401349 -0.048601 1 281
0 170 170 0 4018 -2.37378 0.22472 1.07086 0.0347084 -0.403241 -0.0476273 1 286
0 170 170 0 4018 -2.45532 0.114094 1.00804 0.0331368 -0.398823 -0.0477526 1 291
0 170 170 0 4018 -2.38872 0.18313 1.13503 0.036166 -0.402209 -0.0473772 1 296
0 170 169 0 4018 -2.49026 0.211313 1.01112 0.0381846 -0.399857 -0.0475516 1 300
0 170 169 0 4018 -2.34813 0.0759945 1.09894 0.0352993 -0.40157 -0.0475849 1 306
0 170 170 0 4018 -2.45273 0.152761 1.10549 0.0388025 -0.402074 -0.0472583 1 311
0 170 169 0 4018 -2.45786 0.0142632 1.16661 0.0375253 -0.399668 -0.0481906 1 315
0 170 170 0 4018 -2.34861 0.0393505 1.18862 0.0386965 -0.403539 -0.0469764 1 319
0 170 169 0 4018 -2.44716 0.0818176 1.18519 0.0418333 -0.402297 -0.0476173 1 324
0 170 169 0 4018 -2.36414 -0.0410728 1.24509 0.0389323 -0.404013 -0.0481636 1 328
0 170 170 0 4018 -2.34953 0.0329762 1.25823 0.0421462 -0.406182 -0.0478026 1 333
0 170 169 0 4018 -2.44805 0.00308228 1.29917 0.0412226 -0.402457 -0.0485135 1 337
0 170 170 0 4018 -2.32293 -0.023798 1.37317 0.040554 -0.406131 -0.0474912 1 342
0 170 169 0 4018 -2.42057 0.0930519 1.29755 0.0438336 -0.40588 -0.0478396 1 346
0 170 170 0 4018 -2.356 -0.0230656 1.34427 0.0406857 -0.403431 -0.0481602 1 351
0 170 169 0 4018 -2.30025 -0.0324669 1.28359 0.0410482 -0.407066 -0.047092 1 355
0 170 169 0 4018 -2.42903 -0.0183411 1.29854 0.0424905 -0.404191 -0.0472215 1 360
0 170 170 0 4018 -2.32401 -0.115194 1.34517 0.0405098 -0.402951 -0.0476444 1 364
0 170 170 0 4018 -2.30448 -0.0149765 1.27381 0.0431336 -0.40531 -0.0468343 1 369
0 170 170 0 4018 -2.38446 -0.0538826 1.27983 0.0434738 -0.402277 -0.0478972 1 374
0 170 169 0 4018 -2.2823 -0.127962 1.3074 0.040645 -0.403992 -0.0469203 1 379
0 170 170 0 4018 -2.33899 -0.050333 1.21074 0.043272 -0.402703 -0.0465324 1 383
0 170 169 0 4018 -2.30794 -0.216303 1.28915 0.0401889 -0.399488 -0.0466062 1 389
0 170 170 0 4018 -2.38992 -0.0812492 1.14874 0.043236 -0.397877 -0.0468707 1 394
0 170 169 0 4018 -2.3323 -0.240017 1.11212 0.0398208 -0.395826 -0.0475039 1 400
0 170 170 0 4018 -2.39355 -0.131456 1.0928 0.0427828 -0.396125 -0.0465516 1 405
0 170 169 0 4018 -2.41466 -0.230885 1.05603 0.0392177 -0.391833 -0.047029 1 410
0 170 171 0 4018 -2.41001 -0.127264 1.08072 0.042307 -0.393074 -0.0459416 1 415
0 170 169 0 4018 -2.44462 -0.22216 1.07961 0.0405911 -0.389882 -0.0464241 1 420
0 170 170 0 4018 -2.3587 -0.232721 1.0424 0.0405083 -0.392108 -0.0447123 1 425
0 170 168 0 4018 -2.49156 -0.263374 0.95027 0.0413982 -0.386973 -0.044382 1 430
0 170 170 0 4018 -2.39304 -0.284578 0.963892 0.0400504 -0.387534 -0.0434056 1 435
0 170 169 0 4018 -2.50607 -0.227026 0.955051 0.0434566 -0.385611 -0.0435082 1 440
0 170 170 0 4018 -2.40385 -0.337662 1.02423 0.0401707 -0.385416 -0.0440143 1 445
0 170 169 0 4018 -2.49623 -0.251902 0.831453 0.0422053 -0.383417 -0.0440337 1 450
0 170 169 0 4018 -2.42137 -0.363522 0.958914 0.0399749 -0.383042 -0.0436047 1 455
0 170 169 0 4018 -2.50454 -0.228344 0.828676 0.0421035 -0.382495 -0.0436043 1 460
0 170 169 0 4018 -2.48584 -0.303078 0.830648 0.0404269 -0.380609 -0.0434633 1 464
0 170 170 0 4018 -2.3876 -0.249792 0.845184 0.0422962 -0.383669 -0.0428813 1 471
0 170 170 0 4018 -2.44922 -0.33762 0.797594 0.0397518 -0.379366 -0.0443827 1 476
0 170 169 0 4018 -2.40084 -0.252939 0.870935 0.041748 -0.382803 -0.0431948 1 480
0 170 170 0 4017 -2.4591 -0.27145 0.746307 0.0433909 -0.379554 -0.0441964 1 485
0 170 169 0 4018 -2.35956 -0.286451 0.909367 0.0417567 -0.38279 -0.043497 1 491
0 170 169 0 4018 -2.44129 -0.336866 0.757465 0.0408944 -0.378934 -0.0439032 1 496
0 170 169 0 4017 -2.38737 -0.241219 0.899269 0.0424603 -0.381625 -0.0432713 1 501
0 170 169 0 4018 -2.4538 -0.31456 0.752268 0.0419153 -0.37797 -0.0439356 1 506
0 170 169 0 4018 -2.3642 -0.282679 0.792046 0.0418332 -0.381843 -0.0429995 1 511
0 170 169 0 4018 -2.45703 -0.34145 0.803226 0.0406034 -0.376704 -0.0431866 1 516
0 170 169 0 4018 -2.43058 -0.234236 0.748436 0.0428342 -0.379382 -0.0431505 1 522
0 170 170 0 4018 -2.37459 -0.354101 0.77162 0.0405838 -0.377879 -0.043687 1 527
0 170 169 0 4018 -2.38476 -0.252754 0.76926 0.0425357 -0.380176 -0.0423367 1 532
0 170 169 0 4018 -2.46355 -0.38324 0.774984 0.0398178 -0.375097 -0.0431195 1 537
0 170 170 0 4018 -2.44685 -0.235209 0.734236 0.044065 -0.377383 -0.0420501 1 542
0 170 169 0 4018 -2.36089 -0.349581 0.83597 0.0397025 -0.37603 -0.0425234 1 547
0 170 171 0 4018 -2.37321 -0.260038 0.768326 0.042866 -0.379456 -0.042372 1 551
0 170 168 0 4018 -2.47207 -0.349203 0.68425 0.0405943 -0.374198 -0.0436252 1 556
0 170 170 0 4018 -2.44231 -0.249664 0.689917 0.0426737 -0.376994 -0.0426747 1 561
0 170 170 0 4018 -2.42242 -0.322573 0.765638 0.0410708 -0.374699 -0.0431375 1 565
0 170 170 0 4018 -2.44178 -0.243811 0.7012 0.0430373 -0.376002 -0.0425661 1 571
0 170 170 0 4018 -2.42934 -0.391165 0.699322 0.039948 -0.375101 -0.04321 1 576
0 170 169 0 4018 -2.44942 -0.207209 0.780689 0.0438031 -0.376108 -0.0422984 1 581
0 170 169 0 4018 -2.41199 -0.339029 0.713839 0.0412761 -0.374212 -0.0424721 1 585
0 170 170 0 4018 -2.39522 -0.241796 0.692251 0.0429882 -0.376799 -0.0419884 1 590
0 170 170 0 4018 -2.46688 -0.361404 0.732231 0.0418637 -0.373351 -0.0428278 1 594
0 170 170 0 4018 -2.36839 -0.267481 0.760565 0.0434207 -0.376396 -0.0421451 1 599
0 170 169 0 4018 -2.48769 -0.307823 0.648458 0.042629 -0.372277 -0.0421387 1 603
0 170 169 0 4018 -2.35164 -0.349154 0.692974 0.0406142 -0.375485 -0.043171 1 607
0 170 170 0 4018 -2.44414 -0.291136 0.65333 0.0430728 -0.373213 -0.0418066 1 611
0 170 169 0 4018 -2.3946 -0.367565 0.769341 0.0406395 -0.373923 -0.0420761 1 615
0 170 170 0 4018 -2.44966 -0.257334 0.634527 0.0442339 -0.373624 -0.0422038 1 619
0 170 170 0 4018 -2.43025 -0.388357 0.708298 0.0400124 -0.371597 -0.0430347 1 623
0 170 169 0 4018 -2.36968 -0.298786 0.682161 0.0424981 -0.375046 -0.041759 1 627
0 170 170 0 4018 -2.47084 -0.319157 0.696177 0.0417894 -0.369613 -0.0424606 1 631
0 170 169 0 4018 -2.37472 -0.354195 0.689997 0.0417886 -0.373796 -0.0418385 1 635
0 170 169 0 4018 -2.47347 -0.253153 0.614899 0.0442771 -0.37186 -0.0427374 1 640
0 170 170 0 4018 -2.38184 -0.356234 0.661489 0.0401373 -0.373052 -0.0426713 1 644
0 170 169 0 4018 -2.41462 -0.243399 0.563076 0.0427179 -0.373103 -0.0418224 1 648
0 170 169 0 4018 -2.46026 -0.397964 0.648195 0.0401214 -0.370106 -0.0423727 1 652
0 170 170 0 4018 -2.37437 -0.272842 0.639776 0.0423788 -0.373364 -0.0411891 1 656
0 170 169 0 4018 -2.47286 -0.309626 0.629934 0.0429221 -0.37006 -0.0425411 1 660
0 170 170 0 4018 -2.3524 -0.34112 0.601408 0.0411979 -0.373728 -0.041446 1 664
0 170 170 0 4018 -2.46523 -0.29454 0.590878 0.0425342 -0.370637 -0.0420365 1 668
0 170 169 0 4018 -2.39909 -0.406832 0.655005 0.0404896 -0.370599 -0.0411789 1 672
0 170 169 0 4018 -2.42403 -0.238333 0.642864 0.0433292 -0.37181 -0.0418463 1 676
0 170 169 0 4018 -2.40166 -0.40048 0.569878 0.0405209 -0.369151 -0.0425048 1 680
0 170 170 0 4018 -2.40043 -0.287966 0.604631 0.0420731 -0.371738 -0.0417449 1 684
0 170 170 0 4018 -2.45152 -0.358513 0.566544 0.0417197 -0.369564 -0.0417331 1 688
0 170 169 0 4018 -2.3828 -0.314363 0.646297 0.0415277 -0.371237 -0.04102 1 692
0 170 169 0 4018 -2.4676 -0.301725 0.536829 0.0434108 -0.36903 -0.042002 1 696
0 170 170 0 4018 -2.36637 -0.370867 0.646364 0.039798 -0.369423 -0.0413682 1 700
0 170 169 0 4018 -2.40977 -0.306601 0.615507 0.0431924 -0.370771 -0.0415987 1 704
0 170 170 0 4018 -2.41465 -0.396521 0.586393 0.0397596 -0.367695 -0.0415226 1 708
0 170 170 0 4018 -2.38132 -0.289835 0.590738 0.0433179 -0.370958 -0.0421369 1 712
0 170 169 0 4018 -2.45672 -0.339128 0.508375 0.0422915 -0.367929 -0.0416925 1 716
0 170 170 0 4018 -2.34315 -0.328573 0.632254 0.0417136 -0.371166 -0.0411837 1 720
0 170 170 0 4018 -2.45462 -0.249348 0.543619 0.0438626 -0.368608 -0.0408485 1 724
0 170 168 0 4018 -2.40701 -0.379175 0.594717 0.040296 -0.36793 -0.0419773 1 728
0 170 169 0 4018 -2.45323 -0.25717 0.535248 0.0440812 -0.368356 -0.0414596 1 732
0 170 170 0 4018 -2.38338 -0.37105 0.672401 0.0408746 -0.367219 -0.0415262 1 736
0 170 170 0 4018 -2.40702 -0.259716 0.553925 0.0434666 -0.369811 -0.0408635 1 740
0 170 169 0 4017 -2.45274 -0.398075 0.513084 0.0400589 -0.365357 -0.0420044 1 744
0 170 170 0 4018 -2.4285 -0.284222 0.56699 0.043943 -0.369383 -0.0411472 1 748
0 170 169 0 4018 -2.41677 -0.385773 0.590963 0.0411345 -0.366182 -0.0403346 1 752
0 170 169 0 4018 -2.37986 -0.280746 0.626259 0.0430377 -0.37013 -0.0414522 1 756
0 170 170 0 4017 -2.47615 -0.402969 0.486944 0.0412925 -0.364772 -0.0414606 1 760
0 170 169 0 4018 -2.4379 -0.262255 0.572937 0.0429769 -0.368549 -0.0408806 1 764
0 170 169 0 4017 -2.42049 -0.352821 0.542864 0.0419296 -0.366524 -0.041028 1 768
0 170 170 0 4018 -2.36978 -0.298944 0.619688 0.0421728 -0.369227 -0.0403771 1 772
0 170 169 0 4017 -2.47799 -0.386084 0.506525 0.0415866 -0.365307 -0.0417236 1 776
0 170 170 0 4018 -2.38409 -0.326784 0.529644 0.0414895 -0.367116 -0.0406407 1 780
0 170 170 0 4018 -2.45454 -0.331507 0.560837 0.0422101 -0.364814 -0.0414566 1 784
0 170 170 0 4018 -2.32909 -0.310087 0.514412 0.0422084 -0.3691 -0.0402118 1 789
0 170 170 0 4018 -2.43723 -0.423553 0.477482 0.0409166 -0.3645 -0.0406092 1 793
0 170 170 0 4018 -2.44434 -0.278574 0.568098 0.0428386 -0.367702 -0.0403875 1 797
0 170 169 0 4018 -2.42902 -0.385681 0.459982 0.0418016 -0.365184 -0.041724 1 801
0 170 169 0 4018 -2.38442 -0.298065 0.468065 0.0430772 -0.367313 -0.0407041 1 805
0 170 169 0 4018 -2.41522 -0.406485 0.562084 0.0407395 -0.364457 -0.0404107 1 809
0 170 169 0 4018 -2.44061 -0.269463 0.466316 0.0435762 -0.366473 -0.0405025 1 813
0 170 170 0 4018 -2.41212 -0.361456 0.533604 0.0410068 -0.364422 -0.0415184 1 817
0 170 169 0 4018 -2.4201 -0.30003 0.459532 0.0437615 -0.367765 -0.0408533 1 821
0 170 169 0 4018 -2.41134 -0.400305 0.547817 0.0410289 -0.363701 -0.0405121 1 825
0 170 170 0 4018 -2.42901 -0.267937 0.545069 0.044503 -0.365694 -0.0403631 1 829
0 170 168 0 4018 -2.43208 -0.389444 0.423683 0.0413672 -0.363335 -0.0408822 1 833
0 170 170 0 4018 -2.39623 -0.289675 0.480902 0.0424361 -0.366659 -0.0407967 1 837
0 170 169 0 4018 -2.42744 -0.403593 0.479551 0.0410933 -0.363034 -0.0403272 1 842
0 170 169 0 4018 -2.46318 -0.265606 0.411726 0.0440434 -0.364498 -0.0409879 1 846
0 170 170 0 4018 -2.37981 -0.371227 0.579182 0.0415342 -0.363533 -0.040301 1 851
0 170 169 0 4018 -2.44604 -0.284075 0.458191 0.0428969 -0.36385 -0.0416157 1 855
0 170 169 0 4018 -2.39932 -0.389217 0.477087 0.0409527 -0.364218 -0.0408076 1 860
0 170 170 0 4018 -2.49777 -0.330173 0.36603 0.0436456 -0.362316 -0.0412322 1 864
0 170 169 0 4018 -2.36485 -0.378599 0.541265 0.041181 -0.364181 -0.0406511 1 868
0 170 169 0 4018 -2.47583 -0.281694 0.461092 0.0446126 -0.36403 -0.0409746 1 872
0 170 170 0 4018 -2.39602 -0.38225 0.43268 0.0403663 -0.362895 -0.0406611 1 876
0 170 169 0 4018 -2.46461 -0.266506 0.48377 0.0446755 -0.363507 -0.0411082 1 880
0 170 170 0 4018 -2.38702 -0.390953 0.501366 0.0413033 -0.36293 -0.0397182 1 884
0 170 170 0 4018 -2.47653 -0.362741 0.424046 0.0421511 -0.362043 -0.0415407 1 891
0 170 169 0 4018 -2.41273 -0.294329 0.492117 0.0439517 -0.364082 -0.0403188 1 896
0 170 169 0 4018 -2.33094 -0.378325 0.507296 0.0411961 -0.363748 -0.0405027 1 901
0 170 170 0 4018 -2.49108 -0.337366 0.407677 0.0436981 -0.361653 -0.0411126 1 906
0 170 170 0 4018 -2.46654 -0.239075 0.426819 0.0442629 -0.362498 -0.0392873 1 911
0 170 170 0 4018 -2.38844 -0.405859 0.458349 0.0411422 -0.362088 -0.0412518 1 916
0 170 170 0 4018 -2.49269 -0.325947 0.461422 0.044068 -0.361649 -0.040808 1 921
0 170 170 0 4018 -2.34211 -0.33164 0.532976 0.0428548 -0.364146 -0.0400838 1 926
0 170 170 0 4018 -2.42957 -0.413992 0.479124 0.0409813 -0.360617 -0.040866 1 931
0 170 169 0 4018 -2.44811 -0.318094 0.394955 0.043377 -0.36243 -0.0410434 1 936
0 170 170 0 4018 -2.36884 -0.370464 0.491261 0.0422716 -0.363406 -0.0407268 1 941
0 170 169 0 4018 -2.41841 -0.403898 0.492546 0.0411818 -0.360914 -0.0411598 1 946
0 170 169 0 4018 -2.48369 -0.299009 0.442869 0.0443563 -0.3604 -0.0411814 1 951
0 170 170 0 4018 -2.40413 -0.297625 0.504454 0.043043 -0.362555 -0.0399293 1 955
0 170 169 0 4018 -2.39756 -0.409584 0.460709 0.0410591 -0.359689 -0.0410036 1 961
0 170 169 0 4018 -2.47774 -0.308672 0.332256 0.0427989 -0.359469 -0.041 1 965
0 170 170 0 4018 -2.42926 -0.268061 0.441069 0.0437739 -0.362491 -0.0396774 1 971
0 170 169 0 4018 -2.36584 -0.361767 0.509123 0.0407095 -0.360739 -0.0403243 1 975
0 170 170 0 4018 -2.46215 -0.321501 0.369974 0.0427353 -0.358818 -0.040751 1 981
0 170 170 0 4018 -2.42139 -0.271624 0.37921 0.0440956 -0.360966 -0.0400226 1 985
0 170 169 0 4018 -2.3607 -0.388369 0.414583 0.0421911 -0.361927 -0.0397308 1 991
0 170 169 0 4018 -2.4874 -0.299603 0.339722 0.0432719 -0.359128 -0.0402838 1 996
0 170 169 0 4018 -2.39443 -0.291441 0.46113 0.0432966 -0.361349 -0.0398201 1 1001
0 170 170 0 4018 -2.41497 -0.395405 0.419355 0.0418226 -0.358174 -0.0404842 1 1006
0 170 169 0 4018 -2.4554 -0.3416 0.334604 0.0432692 -0.359571 -0.040148 1 1011
0 170 170 0 4018 -2.36858 -0.346273 0.394386 0.0424579 -0.36037 -0.0401845 1 1016
0 170 170 0 4018 -2.47411 -0.355648 0.379206 0.0423329 -0.357792 -0.0402254 1 1021
0 170 169 0 4018 -2.44658 -0.281786 0.349239 0.044716 -0.359189 -0.0402551 1 1026
0 170 170 0 4018 -2.44669 -0.313946 0.366371 0.0447344 -0.36049 -0.0401599 1 1031
0 170 169 0 4018 -2.41496 -0.394989 0.328466 0.0414069 -0.358174 -0.0400837 1 1035
0 170 169 0 4018 -2.44464 -0.326855 0.25997 0.0440768 -0.35795 -0.0403039 1 1040
0 170 170 0 4018 -2.38866 -0.369703 0.456509 0.0419172 -0.359647 -0.0401256 1 1044
0 170 169 0 4018 -2.49072 -0.340252 0.32325 0.043626 -0.357658 -0.0402753 1 1048
0 170 168 0 4018 -2.36178 -0.330996 0.345362 0.0426762 -0.360318 -0.0396702 1 1052
0 170 170 0 4018 -2.46538 -0.416597 0.325335 0.0418079 -0.356778 -0.0412965 1 1056
0 170 169 0 4018 -2.41918 -0.330475 0.32443 0.0440722 -0.359451 -0.0397348 1 1060
0 170 169 0 4018 -2.38696 -0.38423 0.363527 0.0417138 -0.357414 -0.0399134 1 1064
0 170 170 0 4018 -2.45255 -0.25317 0.363373 0.0448821 -0.358948 -0.0407401 1 1068
0 170 169 0 4018 -2.38431 -0.414797 0.324284 0.0412706 -0.358214 -0.0405925 1 1072
0 170 169 0 4018 -2.45153 -0.367741 0.295975 0.0431873 -0.356919 -0.0404138 1 1077
0 170 170 0 4018 -2.38445 -0.279943 0.288067 0.0439719 -0.359868 -0.0402969 1 1081
0 170 170 0 4018 -2.42042 -0.381546 0.310493 0.0418305 -0.357572 -0.0398695 1 1086
0 170 169 0 4018 -2.48126 -0.32633 0.334784 0.0433905 -0.35645 -0.0409674 1 1090
0 170 170 0 4018 -2.41529 -0.273273 0.328512 0.0438997 -0.359545 -0.0403778 1 1095
0 170 169 0 4018 -2.4015 -0.450258 0.353352 0.0410331 -0.356326 -0.0406203 1 1099
0 170 170 0 4018 -2.46583 -0.293749 0.268768 0.0450075 -0.357131 -0.0400565 1 1103
0 170 170 0 4018 -2.35443 -0.358541 0.420048 0.0419443 -0.358928 -0.0396207 1 1107
0 170 169 0 4018 -2.46387 -0.354738 0.267714 0.0434994 -0.356254 -0.0406897 1 1111
0 170 169 0 4018 -2.39095 -0.315088 0.288574 0.0429581 -0.358268 -0.0396354 1 1115
0 170 170 0 4018 -2.42317 -0.369589 0.373222 0.0418742 -0.355092 -0.0406338 1 1119
0 170 169 0 4018 -2.46356 -0.306051 0.266758 0.0439483 -0.355986 -0.0410071 1 1124
0 170 168 0 4018 -2.3544 -0.380472 0.363056 0.0426378 -0.358217 -0.0398532 1 1128
0 170 170 0 4018 -2.44285 -0.330029 0.300066 0.0439538 -0.355478 -0.0400261 1 1132
0 170 170 0 4018 -2.42482 -0.291121 0.309095 0.0438886 -0.358549 -0.040337 1 1136
0 170 169 0 4018 -2.4045 -0.429817 0.32859 0.0416067 -0.356278 -0.0406563 1 1140
0 170 170 0 4018 -2.46616 -0.28805 0.227676 0.0452311 -0.356132 -0.0398287 1 1144
0 170 170 0 4018 -2.34563 -0.373289 0.397583 0.0416203 -0.357067 -0.0398112 1 1148
0 170 168 0 4018 -2.49029 -0.384832 0.250956 0.042803 -0.355506 -0.0411659 1 1152
0 170 169 0 4018 -2.37898 -0.317928 0.254143 0.0436034 -0.357551 -0.0397086 1 1156
0 170 170 0 4018 -2.41026 -0.399038 0.32235 0.0419091 -0.354697 -0.040303 1 1160
0 170 169 0 4018 -2.41051 -0.314592 0.337799 0.0444959 -0.357847 -0.0400336 1 1164
0 170 170 0 4018 -2.39978 -0.423574 0.303555 0.0414439 -0.354491 -0.0402429 1 1168
0 170 170 0 4018 -2.48811 -0.272383 0.236519 0.0452424 -0.354884 -0.0406872 1 1172
0 170 169 0 4018 -2.33845 -0.357435 0.379086 0.0424329 -0.357674 -0.0400544 1 1176
0 170 169 0 4018 -2.45803 -0.389606 0.299824 0.0430888 -0.353858 -0.0395873 1 1180
0 170 170 0 4018 -2.42843 -0.289484 0.30983 0.0440874 -0.357864 -0.0399365 1 1184
0 170 170 0 4018 -2.38258 -0.410059 0.301413 0.0414112 -0.355408 -0.0408089 1 1188
0 170 170 0 4018 -2.42594 -0.328733 0.266867 0.0440929 -0.355462 -0.0400035 1 1192
0 170 169 0 4018 -2.39099 -0.380846 0.378326 0.0423112 -0.355645 -0.0399178 1 1196
0 170 170 0 4018 -2.47389 -0.30522 0.270864 0.0454559 -0.354965 -0.0408447 1 1200
0 170 169 0 4018 -2.34349 -0.324657 0.243979 0.0430663 -0.357046 -0.0398588 1 1204
0 170 170 0 4018 -2.45897 -0.414471 0.329332 0.0422589 -0.353123 -0.0406632 1 1208
0 170 170 0 4018 -2.43119 -0.289816 0.272877 0.0450567 -0.356407 -0.0393155 1 1212
0 170 169 0 4018 -2.38799 -0.377008 0.293798 0.0418798 -0.355479 -0.0396954 1 1217
0 170 169 0 4018 -2.44057 -0.403973 0.240601 0.0430762 -0.353133 -0.0399535 1 1221
0 170 170 0 4018 -2.43781 -0.252008 0.342117 0.0446143 -0.356456 -0.0397497 1 1226
0 170 168 0 4018 -2.34179 -0.373716 0.355967 0.0422274 -0.355616 -0.0393242 1 1230
0 170 170 0 4018 -2.45066 -0.382223 0.261892 0.0424215 -0.352526 -0.0401103 1 1236
0 170 170 0 4018 -2.48119 -0.304884 0.118309 0.0451237 -0.353511 -0.0401516 1 1241
0 170 169 0 4018 -2.39372 -0.323633 0.196808 0.0441755 -0.355976 -0.040044 1 1246
0 170 170 0 4018 -2.36318 -0.420897 0.278069 0.0423163 -0.354961 -0.0406179 1 1250
0 170 170 0 4018 -2.35985 -0.382719 0.31785 0.0416353 -0.353908 -0.040194 1 1256
0 170 169 0 4018 -2.48165 -0.361137 0.312475 0.0443685 -0.353082 -0.0400131 1 1260
0 170 169 0 4018 -2.45557 -0.25036 0.281914 0.0453459 -0.354974 -0.0401755 1 1266
0 170 170 0 4018 -2.35714 -0.329184 0.259424 0.0430776 -0.355743 -0.0401397 1 1270
0 170 169 0 4018 -2.38622 -0.391153 0.210308 0.042061 -0.353945 -0.0399761 1 1276
0 170 170 0 4018 -2.40415 -0.397226 0.22805 0.0429966 -0.352342 -0.0396195 1 1280
0 170 169 0 4018 -2.45974 -0.377377 0.239622 0.0433149 -0.353476 -0.0399671 1 1286
0 170 170 0 4018 -2.45417 -0.309931 0.18404 0.0447075 -0.353314 -0.0404519 1 1291
0 170 169 0 4018 -2.47592 -0.340834 0.208742 0.0444274 -0.352676 -0.040878 1 1298
0 170 170 0 4018 -2.42372 -0.272924 0.237625 0.0450127 -0.354235 -0.0407417 1 1302
0 170 170 0 4018 -2.362 -0.373716 0.25857 0.042383 -0.354333 -0.0396631 1 1307
0 170 169 0 4018 -2.44195 -0.406815 0.166948 0.0422354 -0.351966 -0.0405487 1 1311
0 170 170 0 4018 -2.41556 -0.27389 0.162394 0.045794 -0.35338 -0.0399567 1 1315
0 170 169 0 4018 -2.3599 -0.354273 0.306988 0.0432311 -0.354315 -0.0395027 1 1319
0 170 170 0 4018 -2.44893 -0.411303 0.275883 0.0427779 -0.351741 -0.0403607 1 1324
0 170 170 0 4018 -2.49568 -0.30463 0.244621 0.0443635 -0.351391 -0.0397594 1 1329
0 170 170 0 4018 -2.4332 -0.317642 0.2206 0.0448653 -0.352335 -0.0394496 1 1333
0 170 171 0 4018 -2.3996 -0.288946 0.291815 0.0440825 -0.354024 -0.0394729 1 1338
0 170 168 0 4018 -2.32378 -0.372021 0.309961 0.0421251 -0.353849 -0.0391719 1 1343
0 170 169 0 4018 -2.39285 -0.449602 0.243265 0.0412992 -0.351686 -0.0398911 1 1347
0 170 170 0 4018 -2.47962 -0.294331 0.215403 0.0451005 -0.351476 -0.0396534 1 1352
0 170 170 0 4018 -2.40397 -0.272394 0.180565 0.0443746 -0.353394 -0.040093 1 1357
0 170 170 0 4018 -2.38198 -0.372105 0.161358 0.0439742 -0.353032 -0.0396425 1 1361
0 170 169 0 4018 -2.41329 -0.383774 0.238367 0.0423539 -0.350715 -0.0398276 1 1365
0 170 170 0 4018 -2.4424 -0.298561 0.249628 0.0446024 -0.352623 -0.0404579 1 1370
0 170 169 0 4018 -2.41017 -0.265821 0.289883 0.04479 -0.353947 -0.0392979 1 1375
0 170 170 0 4018 -2.33108 -0.356333 0.313957 0.0425195 -0.353095 -0.0397092 1 1380
0 170 170 0 4018 -2.41145 -0.423607 0.174294 0.0418198 -0.350838 -0.0399114 1 1384
0 170 169 0 4018 -2.46077 -0.301683 0.187403 0.044497 -0.350692 -0.0400907 1 1389
0 170 169 0 4018 -2.4046 -0.30616 0.136372 0.0444611 -0.352055 -0.0397776 1 1393
0 170 171 0 4018 -2.33732 -0.378199 0.317202 0.0421511 -0.352231 -0.0401047 1 1397
0 170 169 0 4018 -2.47233 -0.36208 0.197786 0.0442512 -0.351042 -0.0401475 1 1401
0 170 170 0 4018 -2.38446 -0.290966 0.202297 0.0449432 -0.354088 -0.0395678 1 1405
0 170 171 0 4018 -2.39577 -0.392216 0.240152 0.0416721 -0.350474 -0.04023 1 1409
0 170 169 0 4018 -2.46834 -0.322611 0.250252 0.0445586 -0.350411 -0.0406049 1 1413
0 170 169 0 4018 -2.34424 -0.349062 0.257235 0.0442512 -0.354579 -0.0394074 1 1417
0 170 170 0 4018 -2.40827 -0.404408 0.210583 0.0417883 -0.349584 -0.0392311 1 1421
0 170 168 0 4018 -2.49887 -0.274649 0.151691 0.0451778 -0.349335 -0.0404056 1 1425
0 170 170 0 4018 -2.34651 -0.328451 0.271048 0.0432556 -0.353586 -0.0401255 1 1429
0 170 169 0 4018 -2.40617 -0.446753 0.283182 0.0416251 -0.349684 -0.0392752 1 1433
0 170 169 0 4018 -2.47005 -0.276491 0.220818 0.0450436 -0.35103 -0.0396557 1 1437
0 170 170 0 4018 -2.38063 -0.30509 0.223461 0.0431643 -0.353172 -0.0402104 1 1442
0 170 170 0 4018 -2.36821 -0.357487 0.230549 0.0425121 -0.351675 -0.0393841 1 1446
0 170 169 0 4018 -2.43775 -0.393799 0.216099 0.0427512 -0.349374 -0.040747 1 1451
0 170 170 0 4018 -2.49942 -0.326998 0.181702 0.0433536 -0.348726 -0.0402616 1 1455
0 170 169 0 4018 -2.37464 -0.285015 0.26288 0.0441182 -0.352904 -0.0402358 1 1459
0 170 169 0 4018 -2.34073 -0.414953 0.273848 0.0426464 -0.35061 -0.0396599 1 1463
0 170 170 0 4018 -2.45363 -0.368185 0.198574 0.0435308 -0.348939 -0.0396147 1 1467
0 170 169 0 4018 -2.44596 -0.252197 0.247881 0.0449909 -0.351343 -0.0392322 1 1471
0 170 169 0 4018 -2.37204 -0.371284 0.268942 0.0419819 -0.351519 -0.0399886 1 1475
0 170 170 0 4018 -2.41599 -0.450535 0.255507 0.0415165 -0.349199 -0.0405975 1 1479
0 170 170 0 4018 -2.44124 -0.28266 0.209818 0.0453378 -0.350319 -0.0393901 1 1483
0 170 170 0 4018 -2.35239 -0.33375 0.231817 0.0428808 -0.351759 -0.0394629 1 1487
0 170 170 0 4018 -2.43841 -0.437578 0.226389 0.0422331 -0.348564 -0.0404045 1 1491
0 170 169 0 4018 -2.42863 -0.320719 0.251671 0.0449367 -0.349972 -0.0403413 1 1495
0 170 169 0 4018 -2.34556 -0.323824 0.234322 0.0434875 -0.35246 -0.0387574 1 1500
0 170 170 0 4018 -2.36029 -0.396616 0.324371 0.0424701 -0.35061 -0.0397855 1 1504
0 170 169 0 4018 -2.44264 -0.375792 0.169985 0.0436132 -0.348068 -0.0395215 1 1509
0 170 170 0 4018 -2.43588 -0.33264 0.221861 0.0440531 -0.350107 -0.0395527 1 1513
0 170 170 0 4018 -2.38639 -0.302534 0.250879 0.0440607 -0.350742 -0.0389187 1 1517
0 170 170 0 4018 -2.3574 -0.392881 0.254103 0.0421709 -0.349896 -0.0402319 1 1521
0 170 169 0 4018 -2.48566 -0.378748 0.232347 0.0429387 -0.3479 -0.0403178 1 1525
0 170 170 0 4018 -2.41578 -0.309523 0.213778 0.0447717 -0.350637 -0.0393954 1 1530
0 170 168 0 4018 -2.37191 -0.33066 0.248354 0.0431974 -0.350698 -0.0398332 1 1534
0 170 170 0 4018 -2.38604 -0.463703 0.292793 0.041666 -0.349185 -0.0393524 1 1539
0 170 169 0 4018 -2.4211 -0.400757 0.225483 0.0423721 -0.348401 -0.0406825 1 1543
0 170 169 0 4018 -2.45824 -0.339577 0.169268 0.0442362 -0.349098 -0.0395183 1 1547
0 170 170 0 4018 -2.39475 -0.296009 0.196016 0.0441895 -0.351111 -0.0385756 1 1551
0 170 169 0 4018 -2.34833 -0.400309 0.213192 0.0416628 -0.348867 -0.0395076 1 1555
0 170 170 0 4018 -2.46426 -0.33832 0.167915 0.0437735 -0.347016 -0.0407866 1 1559
0 170 169 0 4018 -2.45033 -0.305902 0.276279 0.0457779 -0.349659 -0.039685 1 1563
0 170 169 0 4018 -2.32336 -0.364252 0.228123 0.0436724 -0.351294 -0.0393596 1 1567
0 170 170 0 4018 -2.40846 -0.416199 0.121794 0.0419065 -0.347239 -0.0403176 1 1571
0 170 170 0 4018 -2.39652 -0.399948 0.158171 0.0426145 -0.348409 -0.0402744 1 1577
0 170 170 0 4018 -2.48306 -0.389132 0.256012 0.0437202 -0.347597 -0.039899 1 1581
0 170 169 0 4018 -2.46985 -0.334398 0.214964 0.0442079 -0.346952 -0.0399247 1 1586
0 170 169 0 4018 -2.37473 -0.281197 0.255316 0.0444399 -0.351245 -0.0396868 1 1591
0 170 170 0 4018 -2.43797 -0.283762 0.158083 0.0454632 -0.349915 -0.0399034 1 1597
0 170 169 0 4018 -2.37882 -0.273882 0.227467 0.0449911 -0.350498 -0.0398367 1 1601
0 170 170 0 4018 -2.39177 -0.334803 0.306725 0.0439368 -0.350062 -0.0392339 1 1607
0 170 169 0 4018 -2.34155 -0.366644 0.303371 0.0420078 -0.34833 -0.039217 1 1612
0 170 169 0 4018 -2.38114 -0.42968 0.176838 0.041695 -0.346622 -0.0395305 1 1616
0 170 170 0 4018 -2.45175 -0.308804 0.209774 0.0450586 -0.346767 -0.0394106 1 1620
0 170 170 0 4018 -2.44535 -0.284292 0.239887 0.0446901 -0.348773 -0.0395726 1 1625
0 170 169 0 4018 -2.44555 -0.288727 0.220634 0.0454823 -0.349071 -0.0390312 1 1629
0 170 169 0 4018 -2.35188 -0.35589 0.251272 0.042165 -0.349116 -0.0390501 1 1633
0 170 169 0 4018 -2.4475 -0.423969 0.216242 0.0415584 -0.346407 -0.0405304 1 1638
0 170 169 0 4018 -2.42984 -0.387663 0.196285 0.0425273 -0.346586 -0.0395521 1 1643
0 170 169 0 4018 -2.41617 -0.442562 0.211859 0.0422041 -0.346493 -0.0390389 1 1647
0 170 169 0 4018 -2.41461 -0.419842 0.253277 0.0429909 -0.34716 -0.0397725 1 1652
0 170 170 0 4018 -2.44696 -0.33161 0.153711 0.0438898 -0.347555 -0.0400186 1 1657
0 170 169 0 4018 -2.47747 -0.299738 0.198671 0.0457023 -0.34677 -0.0399456 1 1662
0 170 170 0 4018 -2.44642 -0.303013 0.106316 0.0450219 -0.347232 -0.0396473 1 1667
0 170 169 0 4018 -2.44074 -0.281734 0.132338 0.0454139 -0.347947 -0.0398013 1 1672
0 170 169 0 4018 -2.39919 -0.277929 0.171169 0.0451157 -0.349424 -0.0402731 1 1677
0 170 170 0 4018 -2.42844 -0.269762 0.294168 0.04461 -0.348965 -0.0390473 1 1682
0 170 169 0 4018 -2.36654 -0.330744 0.220472 0.0433902 -0.349302 -0.0386435 1 1687
0 170 170 0 4018 -2.37787 -0.395216 0.268711 0.0429357 -0.348275 -0.0389558 1 1692
0 170 169 0 4018 -2.34704 -0.3932 0.158346 0.0422008 -0.348497 -0.0401603 1 1697
0 170 170 0 4018 -2.40371 -0.396973 0.244162 0.0417616 -0.346531 -0.0398976 1 1702
0 170 169 0 4018 -2.39634 -0.393621 0.218454 0.0423958 -0.346294 -0.03907 1 1707
0 170 170 0 4018 -2.40896 -0.409389 0.189714 0.0425795 -0.34551 -0.0389883 1 1712
0 170 170 0 4018 -2.43628 -0.398455 0.206024 0.0427268 -0.345687 -0.0404893 1 1717
0 170 169 0 4018 -2.46573 -0.37067 0.167397 0.0427095 -0.344265 -0.0399504 1 1721
0 170 169 0 4018 -2.43476 -0.355665 0.102705 0.0444912 -0.345354 -0.0401901 1 1726
0 170 169 0 4018 -2.44035 -0.380367 0.155823 0.0430856 -0.345795 -0.0395688 1 1732
0 170 169 0 4018 -2.44128 -0.332098 0.230673 0.0445274 -0.345083 -0.0397414 1 1737
0 170 170 0 4018 -2.45931 -0.376837 0.134539 0.0432038 -0.344141 -0.0392348 1 1742
0 170 168 0 4018 -2.44219 -0.358065 0.088932 0.0444771 -0.345303 -0.0403919 1 1747
0 170 169 0 4018 -2.49504 -0.351908 0.156282 0.0443814 -0.344771 -0.0405415 1 1751
0 170 170 0 4018 -2.40283 -0.414183 0.152512 0.0428034 -0.34589 -0.0404373 1 1758
0 170 169 0 4018 -2.43629 -0.431019 0.152578 0.0418693 -0.34341 -0.0398972 1 1763
0 170 170 0 4018 -2.44489 -0.396074 0.0722809 0.0435454 -0.34434 -0.0397607 1 1767
0 170 169 0 4018 -2.42776 -0.402153 0.175518 0.0427777 -0.344758 -0.0397466 1 1773
0 170 170 0 4018 -2.44137 -0.343241 0.227419 0.044089 -0.345247 -0.0400271 1 1778
0 170 170 0 4018 -2.46655 -0.374249 0.112312 0.0426899 -0.343701 -0.039701 1 1783
0 170 171 0 4018 -2.41074 -0.407431 0.0897789 0.0429008 -0.345012 -0.0400541 1 1787
0 170 169 0 4018 -2.44267 -0.392485 0.135592 0.0428834 -0.344692 -0.0404682 1 1792
0 170 170 0 4018 -2.45573 -0.348818 0.166693 0.0427657 -0.344115 -0.0389723 1 1797
0 170 169 0 4018 -2.42093 -0.386213 0.120262 0.0435708 -0.344571 -0.0390864 1 1803
0 170 170 0 4018 -2.40481 -0.396858 0.113295 0.0414195 -0.344825 -0.0394691 1 1809
0 170 169 0 4018 -2.42256 -0.365072 0.0831108 0.0439951 -0.343861 -0.0399757 1 1817
0 170 169 0 4018 -2.49409 -0.413561 0.169548 0.0428787 -0.344519 -0.0404531 1 1822
0 170 169 0 4018 -2.46875 -0.324488 0.180859 0.0444378 -0.343991 -0.0390504 1 1826
0 170 171 0 4018 -2.42742 -0.287525 0.163157 0.0447977 -0.346384 -0.0397478 1 1830
0 170 168 0 4018 -2.37271 -0.352526 0.186531 0.044608 -0.346281 -0.040039 1 1834
0 170 169 0 4018 -2.34288 -0.420412 0.178551 0.0431502 -0.346062 -0.0396389 1 1839
0 170 170 0 4018 -2.39534 -0.427032 0.169437 0.0419011 -0.344641 -0.0398222 1 1844
0 170 169 0 4018 -2.36885 -0.399002 0.182878 0.042266 -0.345285 -0.0391863 1 1849
0 170 170 0 4018 -2.3705 -0.446308 0.157717 0.0420083 -0.344502 -0.0388142 1 1854
0 170 170 0 4018 -2.36649 -0.416565 0.277288 0.0419887 -0.345843 -0.0396217 1 1859
0 170 170 0 4018 -2.41094 -0.416693 0.16935 0.0417514 -0.343082 -0.0390986 1 1864
0 170 168 0 4018 -2.38421 -0.4258 0.0820026 0.0430149 -0.344206 -0.0390022 1 1869
0 170 170 0 4018 -2.41873 -0.445885 0.157799 0.0418193 -0.343894 -0.0399489 1 1874
0 170 170 0 4018 -2.41391 -0.382444 0.229244 0.0425923 -0.343835 -0.0395329 1 1879
0 170 169 0 4018 -2.39914 -0.409338 0.144121 0.04205 -0.343097 -0.0386477 1 1883
0 170 169 0 4018 -2.36416 -0.408295 0.191549 0.0427924 -0.345408 -0.0396408 1 1889
0 170 169 0 4018 -2.43113 -0.425812 0.149746 0.0422908 -0.343297 -0.0400409 1 1894
0 170 170 0 4018 -2.41091 -0.420547 0.0767403 0.0423243 -0.343472 -0.0393159 1 1898
0 170 169 0 4018 -2.4576 -0.328087 0.0946369 0.0443615 -0.343109 -0.0396892 1 1902
0 170 170 0 4018 -2.44717 -0.277147 0.220867 0.0457519 -0.345483 -0.0388386 1 1906
0 170 169 0 4018 -2.34693 -0.313244 0.201195 0.0442041 -0.346814 -0.0393014 1 1911
0 170 169 0 4018 -2.3951 -0.301466 0.181421 0.0444744 -0.345566 -0.0389074 1 1915
0 170 170 0 4018 -2.34994 -0.387094 0.236298 0.0419829 -0.345301 -0.0390622 1 1919
0 170 169 0 4018 -2.43822 -0.431755 0.143042 0.0421867 -0.342776 -0.039838 1 1924
0 170 170 0 4018 -2.46157 -0.36635 0.147577 0.0444728 -0.343194 -0.0402544 1 1928
0 170 169 0 4018 -2.45304 -0.334837 0.0316391 0.0433511 -0.342784 -0.0398555 1 1932
0 170 169 0 4018 -2.43191 -0.278008 0.157413 0.0462537 -0.344416 -0.0398829 1 1936
0 170 170 0 4018 -2.36856 -0.316685 0.20318 0.0443455 -0.346788 -0.0387772 1 1941
0 170 169 0 4018 -2.41433 -0.301466 0.160376 0.0447036 -0.345221 -0.0388408 1 1945
0 170 170 0 4018 -2.34123 -0.421169 0.114435 0.0427878 -0.343829 -0.0400175 1 1949
0 170 170 0 4018 -2.41458 -0.411352 0.179489 0.0421373 -0.343317 -0.0397239 1 1953
0 170 169 0 4018 -2.43601 -0.370701 0.0636444 0.0442091 -0.343064 -0.0403821 1 1957
0 170 169 0 4018 -2.46241 -0.346756 0.0760136 0.0442691 -0.343841 -0.0395125 1 1961
0 170 171 0 4018 -2.41462 -0.289646 0.136045 0.0457187 -0.345808 -0.0382357 1 1966
0 170 169 0 4018 -2.37846 -0.299952 0.188972 0.0453172 -0.346094 -0.0393049 1 1971
0 170 170 0 4018 -2.41531 -0.272943 0.128386 0.0450507 -0.344603 -0.0388553 1 1976
0 170 169 0 4018 -2.36854 -0.329844 0.066824 0.0442132 -0.346032 -0.0392027 1 1981
0 170 169 0 4018 -2.39934 -0.311895 0.148676 0.0451047 -0.345224 -0.0395298 1 1986
0 170 170 0 4018 -2.42389 -0.297606 0.116701 0.0447832 -0.344965 -0.0382704 1 1991
0 170 169 0 4018 -2.40975 -0.285418 0.126162 0.04535 -0.344728 -0.0387074 1 1996
0 170 170 0 4018 -2.37 -0.312586 0.123671 0.0450747 -0.345123 -0.0397548 1 2001
0 170 169 0 4018 -2.43453 -0.296825 0.135834 0.0447824 -0.344732 -0.0392646 1 2006
0 170 170 0 4018 -2.38289 -0.292955 0.0703869 0.0449163 -0.345541 -0.0390014 1 2011
0 170 169 0 4018 -2.36264 -0.321867 0.0574455 0.0434932 -0.34422 -0.0388661 1 2015
0 170 170 0 4018 -2.43701 -0.311644 0.148108 0.0457858 -0.34356 -0.0388741 1 2021
0 170 169 0 4018 -2.45914 -0.323368 0.0400314 0.0458897 -0.342614 -0.0395278 1 2026
0 170 170 0 4018 -2.43302 -0.428066 0.116499 0.0426885 -0.341464 -0.0387635 1 2032
0 170 169 0 4018 -2.40813 -0.431311 0.131416 0.0429561 -0.342582 -0.0392882 1 2037
0 170 170 0 4018 -2.42371 -0.376656 0.0442352 0.0435033 -0.342186 -0.0391352 1 2042
0 170 168 0 4018 -2.37913 -0.429798 0.0466843 0.0429878 -0.34258 -0.0388628 1 2047
0 170 170 0 4018 -2.40479 -0.426737 0.141768 0.0421649 -0.3426 -0.0396326 1 2052
0 170 170 0 4018 -2.3664 -0.356329 0.170338 0.0425752 -0.34339 -0.0389287 1 2057
0 170 170 0 4018 -2.33108 -0.411732 0.16802 0.0432611 -0.344041 -0.0383345 1 2062
0 170 169 0 4018 -2.34486 -0.376251 0.156837 0.0420879 -0.344645 -0.0394733 1 2067
0 170 169 0 4018 -2.37742 -0.404659 0.0817509 0.0425276 -0.342964 -0.0387539 1 2073
0 170 169 0 4018 -2.32815 -0.376627 0.101221 0.0439204 -0.345492 -0.0392125 1 2078
0 170 170 0 4018 -2.43189 -0.321447 -0.0083046 0.0458859 -0.342711 -0.039357 1 2083
0 170 169 0 4018 -2.35941 -0.291632 0.0397739 0.0449214 -0.344717 -0.0381985 1 2087
0 170 170 0 4018 -2.4494 -0.312391 0.0159531 0.0457501 -0.341674 -0.0394953 1 2093
0 170 169 0 4018 -2.43893 -0.396597 0.0816059 0.04337 -0.34211 -0.0392928 1 2098
0 170 170 0 4018 -2.35882 -0.428835 0.0227985 0.0426906 -0.342891 -0.0391898 1 2104
0 170 169 0 4018 -2.4179 -0.44212 0.058794 0.0425714 -0.340874 -0.0392604 1 2109
0 170 169 0 4018 -2.33429 -0.3384 0.13789 0.0433999 -0.343988 -0.0380947 1 2114
0 170 170 0 4018 -2.38536 -0.390537 0.102936 0.0419523 -0.341602 -0.0394289 1 2118
0 170 169 0 4018 -2.41263 -0.284082 0.0815411 0.0445025 -0.343198 -0.0394488 1 2124
0 170 170 0 4018 -2.37117 -0.319654 0.198242 0.044758 -0.344301 -0.0386538 1 2128
0 170 170 0 4018 -2.36105 -0.412233 0.178598 0.0424562 -0.342604 -0.0390436 1 2132
0 170 170 0 4018 -2.38929 -0.446037 0.0615711 0.0417635 -0.341395 -0.0401121 1 2137
0 170 169 0 4018 -2.33287 -0.388311 0.12685 0.0425078 -0.342875 -0.0384489 1 2141
0 170 169 0 4018 -2.42178 -0.40596 0.0673733 0.0419776 -0.339752 -0.0395821 1 2145
0 170 170 0 4018 -2.42917 -0.402229 0.0870018 0.0429653 -0.340352 -0.0396516 1 2149
0 170 169 0 4018 -2.39356 -0.353289 0.15349 0.0433356 -0.342689 -0.0384399 1 2155
0 170 170 0 4018 -2.40355 -0.427528 0.105268 0.0421174 -0.342462 -0.0400696 1 2159
0 170 169 0 4018 -2.421 -0.43541 0.0637493 0.0422237 -0.340932 -0.0397658 1 2163
0 170 170 0 4018 -2.43218 -0.386137 0.0755711 0.0445732 -0.341133 -0.0394957 1 2167
0 170 169 0 4018 -2.44284 -0.388674 0.093359 0.0431448 -0.339552 -0.0396229 1 2172
0 170 170 0 4018 -2.44766 -0.330414 0.0835762 0.0452011 -0.340952 -0.0390883 1 2177
0 170 169 0 4018 -2.43433 -0.414202 0.022213 0.0440272 -0.340159 -0.0391725 1 2181
0 170 170 0 4018 -2.45129 -0.318975 0.038044 0.0458246 -0.341118 -0.0386176 1 2185
0 170 170 0 4018 -2.43568 -0.294054 0.070013 0.0459896 -0.341502 -0.0385933 1 2190
0 170 170 0 4018 -2.33369 -0.42367 0.11657 0.0431366 -0.342551 -0.0389553 1 2196
0 170 170 0 4018 -2.38795 -0.428429 0.0591984 0.0426075 -0.340136 -0.039568 1 2200
0 170 169 0 4018 -2.32945 -0.361 0.0492725 0.0439072 -0.343585 -0.0383596 1 2206
0 170 170 0 4018 -2.37371 -0.408976 0.0832939 0.0432482 -0.341932 -0.0382313 1 2210
0 170 169 0 4018 -2.32887 -0.379753 0.123264 0.0433697 -0.342841 -0.0392689 1 2215
0 170 170 0 4018 -2.35837 -0.419083 0.153801 0.0427704 -0.341758 -0.0384562 1 2220
0 170 169 0 4018 -2.46069 -0.335281 0.076704 0.0442891 -0.340342 -0.0391837 1 2226
0 170 169 0 4018 -2.44614 -0.270981 0.112394 0.0452317 -0.341769 -0.0390751 1 2230
0 170 169 0 4018 -2.43593 -0.358152 0.0426216 0.0441864 -0.340649 -0.0386264 1 2235
0 170 169 0 4018 -2.45131 -0.291637 0.0295067 0.0463376 -0.341713 -0.0386252 1 2239
0 170 170 0 4018 -2.36903 -0.300646 -0.00154877 0.0447861 -0.342443 -0.0389921 1 2243
0 170 169 0 4018 -2.38069 -0.309782 0.040308 0.0445572 -0.342167 -0.0386567 1 2248
0 170 170 0 4018 -2.37195 -0.322308 0.0593739 0.0448716 -0.343868 -0.0395068 1 2252
0 170 169 0 4018 -2.4039 -0.356964 0.114923 0.0452251 -0.342636 -0.0389886 1 2256
0 170 170 0 4018 -2.31105 -0.366459 0.0923004 0.0442417 -0.343678 -0.0384942 1 2260
0 170 169 0 4018 -2.45037 -0.360851 -0.0514011 0.0453731 -0.340494 -0.0394944 1 2266
0 170 170 0 4018 -2.41944 -0.321718 -0.0326214 0.0453813 -0.342162 -0.039209 1 2270
0 170 170 0 4018 -2.38587 -0.405802 0.0504112 0.0443149 -0.339951 -0.0380531 1 2276
0 170 169 0 4018 -2.44559 -0.396471 0.0497074 0.0436747 -0.33879 -0.0386618 1 2280
0 170 170 0 4018 -2.32526 -0.397314 0.081337 0.0430083 -0.341424 -0.0384561 1 2286
0 170 170 0 4018 -2.37286 -0.409325 0.0848827 0.0425284 -0.340551 -0.0388717 1 2291
0 170 169 0 4018 -2.37626 -0.291027 0.0467606 0.0448014 -0.341935 -0.038168 1 2296
0 170 168 0 4018 -2.41394 -0.316856 0.0750103 0.0445662 -0.341367 -0.0388081 1 2301
0 170 169 0 4018 -2.44274 -0.339401 0.0495605 0.0438892 -0.33936 -0.0394668 1 2306
0 170 170 0 4018 -2.46562 -0.270235 0.0486374 0.0460385 -0.339887 -0.0388994 1 2311
0 170 169 0 4018 -2.42545 -0.446268 0.0613441 0.0428603 -0.339822 -0.0398206 1 2316
0 170 169 0 4018 -2.32727 -0.376989 0.0578537 0.0429109 -0.341579 -0.0381469 1 2321
0 170 170 0 4018 -2.36309 -0.328321 0.159418 0.0436662 -0.342598 -0.0385472 1 2326
0 170 168 0 4018 -2.31927 -0.372091 0.0606689 0.0432035 -0.341982 -0.0394724 1 2330
0 170 169 0 4018 -2.42654 -0.308006 0.0226173 0.0459787 -0.340598 -0.039488 1 2336
0 170 169 0 4018 -2.40354 -0.329336 0.0691662 0.0455619 -0.3419 -0.039232 1 2341
0 170 169 0 4018 -2.40525 -0.422132 0.0595856 0.0428773 -0.33977 -0.0396745 1 2346
0 170 170 0 4018 -2.4192 -0.45195 0.0378857 0.0422843 -0.339758 -0.0397569 1 2350
0 170 169 0 4018 -2.35567 -0.334814 0.0806732 0.0445982 -0.342799 -0.0392389 1 2356
0 170 170 0 4018 -2.32779 -0.377693 0.0640583 0.0443113 -0.341732 -0.0390809 1 2360
0 170 170 0 4018 -2.40532 -0.339399 -0.049757 0.044427 -0.340914 -0.0394802 1 2366
0 170 170 0 4018 -2.43198 -0.330042 0.000963211 0.0464333 -0.340763 -0.0391868 1 2371
0 170 169 0 4018 -2.36612 -0.451187 0.0465088 0.0427961 -0.339061 -0.03883 1 2376
0 170 169 0 4018 -2.39655 -0.446503 -0.0131168 0.0430881 -0.339606 -0.039708 1 2380
0 170 169 0 4018 -2.39202 -0.413427 0.135529 0.0428692 -0.33961 -0.0388737 1 2386
0 170 169 0 4018 -2.31279 -0.352232 0.068325 0.043323 -0.342524 -0.038154 1 2391
0 170 169 0 4018 -2.43451 -0.302141 -0.0469284 0.0468839 -0.340365 -0.0391621 1 2396
0 170 170 0 4018 -2.39875 -0.292082 -0.045969 0.0452309 -0.341015 -0.0387533 1 2400
0 170 170 0 4018 -2.42979 -0.37944 0.0303555 0.0442845 -0.338649 -0.0384388 1 2406
0 170 169 0 4018 -2.43894 -0.374701 0.0234566 0.0436162 -0.338008 -0.0384946 1 2410
0 170 169 0 4018 -2.31157 -0.375334 0.0338173 0.0424788 -0.340761 -0.038695 1 2416
0 170 169 0 4018 -2.35709 -0.409483 0.0658283 0.0421302 -0.338645 -0.0387501 1 2420
0 170 169 0 4018 -2.38092 -0.283628 0.107229 0.044818 -0.341088 -0.038482 1 2426
0 170 169 0 4018 -2.39241 -0.324783 0.0285435 0.0451672 -0.341048 -0.0388895 1 2430
0 170 169 0 4018 -2.45014 -0.356489 0.0429935 0.0435576 -0.338069 -0.0397989 1 2436
0 170 170 0 4018 -2.44531 -0.317747 0.033226 0.0454737 -0.339172 -0.0388667 1 2441
0 170 170 0 4018 -2.38826 -0.404005 0.0997715 0.0427155 -0.339182 -0.0393103 1 2446
0 170 170 0 4018 -2.37323 -0.411516 0.077919 0.0423672 -0.339193 -0.0392987 1 2450
0 170 170 0 4018 -2.39287 -0.407209 0.157701 0.0427048 -0.338977 -0.0386855 1 2455
0 170 171 0 4018 -2.31786 -0.393726 0.000976563 0.0433481 -0.341661 -0.0384686 1 2460
0 170 168 0 4018 -2.42098 -0.27416 0.0535069 0.0449065 -0.340325 -0.0392627 1 2465
0 170 170 0 4018 -2.40852 -0.33762 -0.0386772 0.0446632 -0.339617 -0.0390556 1 2470
0 170 170 0 4018 -2.37994 -0.378874 0.106733 0.0435287 -0.338872 -0.0392114 1 2475
0 170 169 0 4018 -2.34824 -0.460897 0.0753517 0.0425771 -0.339765 -0.0383344 1 2479
0 170 171 0 4018 -2.37722 -0.399834 0.0323448 0.043427 -0.339136 -0.0382757 1 2483
0 170 169 0 4018 -2.36843 -0.384001 0.165529 0.0429274 -0.33988 -0.0382491 1 2488
0 170 169 0 4018 -2.36128 -0.420439 0.0733662 0.0424708 -0.340132 -0.0392847 1 2493
0 170 169 0 4018 -2.35947 -0.323036 0.0489311 0.0459266 -0.340458 -0.0395158 1 2498
0 170 169 0 4018 -2.34164 -0.345182 0.0594311 0.0438482 -0.341425 -0.0388434 1 2502
0 170 169 0 4018 -2.32842 -0.416451 0.0798187 0.0435119 -0.340783 -0.0385984 1 2507
0 170 169 0 4018 -2.34836 -0.313425 0.0609589 0.0439131 -0.340879 -0.0381464 1 2511
0 170 170 0 4018 -2.36487 -0.311565 0.0675583 0.044682 -0.340444 -0.0383035 1 2515
0 170 168 0 4018 -2.34268 -0.36445 0.0569706 0.0430428 -0.340325 -0.0386117 1 2520
0 170 170 0 4018 -2.38248 -0.316944 0.0067234 0.0453349 -0.34016 -0.0381232 1 2525
0 170 169 0 4018 -2.42862 -0.300907 0.0083065 0.0453782 -0.338449 -0.0382794 1 2530
0 170 170 0 4018 -2.43393 -0.386431 -0.0335312 0.0444741 -0.338085 -0.0393784 1 2535
0 170 169 0 4018 -2.41411 -0.413048 0.00563812 0.0425367 -0.336496 -0.0391515 1 2540
0 170 170 0 4018 -2.34212 -0.409407 0.00713921 0.0436101 -0.339783 -0.0386179 1 2544
0 170 170 0 4018 -2.3674 -0.33522 0.098959 0.0441275 -0.340769 -0.0380834 1 2549
0 170 169 0 4018 -2.34237 -0.366228 0.0624886 0.0429509 -0.339948 -0.0391907 1 2554
0 170 169 0 4018 -2.45716 -0.355392 0.0186653 0.0448933 -0.337683 -0.0391747 1 2559
0 170 169 0 4018 -2.43592 -0.307932 0.0429878 0.0447209 -0.33792 -0.0389711 1 2564
0 170 169 0 4018 -2.35131 -0.416294 0.0791302 0.0427799 -0.338629 -0.0392056 1 2569
0 170 169 0 4018 -2.38238 -0.407377 0.0661163 0.0428032 -0.338343 -0.0387688 1 2574
0 170 169 0 4018 -2.4029 -0.290113 0.0771027 0.0454642 -0.33959 -0.0385595 1 2579
0 170 169 0 4018 -2.41175 -0.256201 0.0835514 0.0453523 -0.340165 -0.0388609 1 2583
0 170 169 0 4018 -2.36268 -0.318937 0.00723839 0.0444037 -0.340542 -0.0391256 1 2587
0 170 169 0 4018 -2.39319 -0.318836 0.0463543 0.0447171 -0.339401 -0.0388122 1 2592
0 170 170 0 4018 -2.40836 -0.351622 -0.0922222 0.0443527 -0.339138 -0.0390036 1 2596
0 170 169 0 4018 -2.43078 -0.318331 -0.0475254 0.0464866 -0.338087 -0.0390966 1 2600
0 170 170 0 4018 -2.43128 -0.334667 0.00446701 0.045136 -0.338951 -0.038478 1 2605
0 170 168 0 4018 -2.31332 -0.441284 -0.00242043 0.0431803 -0.338697 -0.0389919 1 2610
0 170 170 0 4018 -2.36141 -0.437258 0.00186539 0.0429641 -0.338213 -0.0388727 1 2615
0 170 170 0 4018 -2.40857 -0.325932 0.0119495 0.0461004 -0.339906 -0.0385664 1 2620
0 170 169 0 4018 -2.39295 -0.325274 -0.0289249 0.046307 -0.339286 -0.0386147 1 2624
0 170 170 0 4018 -2.36902 -0.317747 -0.0417519 0.0452006 -0.340785 -0.0389259 1 2628
0 170 170 0 4018 -2.39445 -0.359388 0.0199375 0.0455347 -0.33978 -0.0383866 1 2632
0 170 168 0 4018 -2.33442 -0.33728 0.0228844 0.0454249 -0.341438 -0.0388145 1 2637
0 170 170 0 4018 -2.46646 -0.309303 -0.029211 0.0460174 -0.33782 -0.0386398 1 2642
0 170 170 0 4018 -2.43259 -0.435867 0.00918198 0.0428157 -0.337149 -0.0389434 1 2646
0 170 169 0 4018 -2.4312 -0.397352 0.0483418 0.0435438 -0.336368 -0.0394325 1 2650
0 170 170 0 4018 -2.45192 -0.400101 0.0214386 0.043576 -0.33667 -0.0393856 1 2655
0 170 168 0 4018 -2.36684 -0.321302 0.0129223 0.0445322 -0.339917 -0.0391693 1 2660
0 170 170 0 4018 -2.36254 -0.307188 0.0550003 0.0441362 -0.33933 -0.0389734 1 2664
0 170 169 0 4018 -2.34671 -0.318651 0.0549011 0.0448308 -0.340046 -0.038343 1 2668
0 170 169 0 4018 -2.39436 -0.319647 0.0727081 0.0448577 -0.338796 -0.0386047 1 2673
0 170 170 0 4018 -2.42759 -0.332567 -0.00412369 0.045017 -0.339059 -0.0377431 1 2677
0 170 170 0 4018 -2.43063 -0.305813 -0.0362663 0.0465434 -0.338333 -0.0388467 1 2681
0 170 169 0 4018 -2.41779 -0.345631 -0.0980339 0.0450438 -0.338817 -0.0388541 1 2685
0 170 168 0 4018 -2.43133 -0.353603 -0.0164413 0.0440403 -0.336212 -0.0390117 1 2691
0 170 170 0 4018 -2.33017 -0.439869 0.0830612 0.0426468 -0.338549 -0.0381647 1 2695
0 170 170 0 4018 -2.31018 -0.320536 0.0355434 0.0448692 -0.339562 -0.0378342 1 2700
0 170 169 0 4018 -2.3676 -0.287195 0.0353394 0.0454731 -0.33893 -0.0376547 1 2705
0 170 170 0 4018 -2.4143 -0.476725 -0.0536194 0.0425171 -0.336209 -0.0386833 1 2710
0 170 169 0 4018 -2.38799 -0.414049 -0.0466194 0.0437591 -0.336457 -0.0386641 1 2714
0 170 170 0 4018 -2.38879 -0.469515 0.0385571 0.0429493 -0.336486 -0.037867 1 2718
0 170 170 0 4018 -2.33265 -0.434174 -0.0241394 0.0434959 -0.337574 -0.0389948 1 2723
0 170 170 0 4018 -2.34494 -0.35836 0.0680408 0.0435256 -0.338312 -0.0379911 1 2727
0 170 169 0 4018 -2.32977 -0.37536 0.0736561 0.0427829 -0.338217 -0.0384797 1 2731
0 170 170 0 4018 -2.36213 -0.386671 0.0105343 0.0424761 -0.337633 -0.0387711 1 2735
0 170 169 0 4018 -2.33888 -0.417896 0.0669403 0.042877 -0.337198 -0.0385944 1 2739
0 170 170 0 4018 -2.33648 -0.404118 0.055666 0.0426985 -0.337354 -0.0379699 1 2743
0 170 169 0 4018 -2.33335 -0.387899 0.0563335 0.042838 -0.33801 -0.0385301 1 2748
0 170 170 0 4018 -2.35806 -0.346161 0.0471325 0.0451837 -0.339318 -0.0378781 1 2753
0 170 169 0 4018 -2.44827 -0.321093 0.0121136 0.0455687 -0.336578 -0.0384759 1 2758
0 170 170 0 4018 -2.42279 -0.394653 -0.0284424 0.0442272 -0.336396 -0.0397403 1 2762
0 170 170 0 4018 -2.43838 -0.42087 0.00414658 0.0433522 -0.336102 -0.0390847 1 2766
0 170 169 0 4018 -2.33859 -0.395554 -0.0235004 0.0428286 -0.337686 -0.0382641 1 2772
0 170 169 0 4018 -2.3462 -0.331432 0.0474014 0.0442299 -0.339159 -0.0393231 1 2776
0 170 170 0 4018 -2.38754 -0.319445 -0.0818558 0.0451051 -0.33771 -0.0386875 1 2782
0 170 169 0 4018 -2.40607 -0.351519 -0.000892639 0.0441844 -0.335742 -0.0385981 1 2787
0 170 171 0 4018 -2.37091 -0.470016 0.00973511 0.042576 -0.336397 -0.0380151 1 2792
0 170 170 0 4018 -2.35087 -0.365782 0.00981903 0.0425514 -0.338617 -0.0382614 1 2797
0 170 170 0 4018 -2.4028 -0.313347 -0.106474 0.0454836 -0.338264 -0.0383562 1 2801
0 170 170 0 4018 -2.33443 -0.344803 -0.0267048 0.0447502 -0.33876 -0.037977 1 2806
0 170 170 0 4018 -2.39806 -0.405344 -0.055109 0.0440087 -0.335399 -0.0386217 1 2812
0 170 170 0 4018 -2.34193 -0.376417 0.079216 0.0435065 -0.336722 -0.0377914 1 2816
0 170 168 0 4018 -2.45031 -0.336739 -0.099865 0.0444281 -0.335267 -0.0388565 1 2822
0 170 170 0 4018 -2.44427 -0.327122 -0.100367 0.0451623 -0.33584 -0.0390477 1 2827
0 170 169 0 4018 -2.38657 -0.457178 -0.0167522 0.0428396 -0.336416 -0.0392032 1 2832
0 170 170 0 4018 -2.29457 -0.37681 0.010025 0.0435427 -0.338432 -0.0373903 1 2837
0 170 168 0 4018 -2.41055 -0.277575 0.0268345 0.0460597 -0.337295 -0.0386063 1 2842
0 170 170 0 4018 -2.41227 -0.43025 -0.0142345 0.0437348 -0.334965 -0.0386882 1 2846
0 170 169 0 4018 -2.34373 -0.386602 -0.0154667 0.0424314 -0.336715 -0.0386118 1 2851
0 170 169 0 4018 -2.3703 -0.387146 0.0280075 0.0433028 -0.337331 -0.0382368 1 2856
0 170 169 0 4018 -2.43977 -0.348743 -0.054781 0.0445904 -0.334579 -0.0383821 1 2862
0 170 169 0 4018 -2.37898 -0.420786 0.0556183 0.0434494 -0.336626 -0.0390107 1 2867
0 170 169 0 4018 -2.42876 -0.280212 -0.0394726 0.0462278 -0.336724 -0.0390244 1 2872
0 170 169 0 4018 -2.44869 -0.339281 -0.0835896 0.0446064 -0.336255 -0.0397695 1 2877
0 170 169 0 4018 -2.36347 -0.44239 -0.09165 0.0436372 -0.335852 -0.0393191 1 2882
0 170 170 0 4018 -2.34232 -0.381712 0.0128784 0.0431451 -0.337375 -0.0380978 1 2887
0 170 169 0 4018 -2.38228 -0.300493 -0.00825882 0.0456189 -0.338505 -0.0390284 1 2892
0 170 169 0 4018 -2.42661 -0.361963 -0.0844345 0.0448414 -0.334944 -0.0383356 1 2896
0 170 170 0 4018 -2.36185 -0.439911 0.00969124 0.0425986 -0.335412 -0.0386462 1 2901
0 170 169 0 4018 -2.32663 -0.389709 0.0785828 0.0427195 -0.337607 -0.0381455 1 2906
0 170 169 0 4018 -2.45877 -0.32551 -0.04109 0.0450507 -0.334939 -0.0385507 1 2912
0 170 169 0 4018 -2.3642 -0.446222 0.0104542 0.0429459 -0.336042 -0.0385595 1 2916
0 170 170 0 4018 -2.439 -0.307646 -0.0926247 0.0456482 -0.335721 -0.0392999 1 2922
0 170 169 0 4018 -2.435 -0.316776 -0.0713921 0.0451275 -0.335212 -0.0387525 1 2926
