stoptorque goal_current current velocity position Fx Fy Fz Mx My Mz counterclock Time
0 190 149 0 3895 0.11877 0.0990772 0.0110664 0.00217247 -0.000356883 -0.00267786 1 4
0 190 191 0 3895 0.108725 0.115723 -0.0945644 0.000436306 -0.00182473 -0.0014049 1 9
0 190 190 0 3896 -0.0726156 -0.000303268 0.150728 0.00507033 -0.00557207 0.00183691 1 13
0 190 189 1 3897 -0.508425 -0.0707264 -0.175245 0.00575137 -0.021844 -0.00387833 1 17
0 190 188 5 3899 -0.983107 -0.186415 -0.245491 0.0141649 -0.0391034 -0.0110525 1 21
0 190 193 7 3900 -1.54643 -0.234804 -0.0101089 0.0171676 -0.0621176 -0.014767 1 25
0 190 189 12 3902 -1.90879 -0.0979443 0.0292492 0.0238106 -0.0822855 -0.0245351 1 30
0 190 189 16 3905 -2.08338 0.103666 -0.136923 0.0259128 -0.104248 -0.0270462 1 34
0 190 193 20 3906 -1.99607 0.0570621 -0.346748 0.0242571 -0.116935 -0.0317912 1 38
0 190 189 21 3907 -1.77534 0.167694 -1.1172 0.0171733 -0.110312 -0.0337682 1 42
0 190 187 21 3908 -0.692011 0.624529 -0.739443 0.0141951 -0.120426 -0.0264042 1 48
0 190 193 21 3910 -0.221474 0.63101 -0.510691 0.000281811 -0.132898 -0.0259798 1 53
0 190 190 21 3911 0.306059 0.787491 -0.202923 -0.010455 -0.154357 -0.015678 1 58
0 190 191 20 3914 0.301126 0.38695 -0.126713 -0.00451493 -0.168669 -0.0096087 1 63
0 190 191 19 3915 -0.15581 0.127352 -0.0354939 0.00636601 -0.177366 -0.000949353 1 68
0 190 192 18 3917 -0.492233 0.0176392 0.406809 0.0120803 -0.187481 -0.00440261 1 73
0 190 191 19 3919 -0.928722 0.132872 0.777514 0.00995302 -0.196217 -0.00902146 1 78
0 190 187 19 3920 -1.14332 0.131195 1.18943 0.00760484 -0.198056 -0.00951487 1 83
0 190 189 18 3920 -1.08151 0.131424 1.09068 0.00714397 -0.194477 -0.0117489 1 88
0 190 190 14 3920 -0.964695 0.162169 1.15492 0.00872481 -0.189454 -0.0076625 1 93
0 190 190 11 3920 -0.973634 -0.0499554 1.38539 0.00886011 -0.183796 -0.00264326 1 98
0 190 189 7 3920 -0.956667 -0.0639 1.08123 0.00896537 -0.18473 -0.00250807 1 103
0 190 190 2 3920 -0.957611 -0.0684528 1.17112 0.00947177 -0.182402 -0.00226587 1 108
0 190 190 0 3920 -1.0311 -0.112778 1.04197 0.010077 -0.17905 -0.00179462 1 113
0 190 189 0 3920 -0.950794 -0.0798759 0.880627 0.0111898 -0.179206 -0.00320157 1 118
0 190 189 0 3920 -0.934884 -0.0258942 1.0844 0.0133789 -0.177966 -0.00263639 1 123
0 190 189 0 3920 -0.931338 -0.0229301 0.950983 0.0114293 -0.176942 -0.00404222 1 128
0 190 190 0 3920 -0.952568 -0.00419617 1.04358 0.0112463 -0.176725 -0.00489086 1 133
0 190 189 0 3920 -0.990828 -0.0795918 0.857275 0.00978065 -0.174432 -0.0052996 1 138
0 190 188 0 3920 -1.03756 -0.0660954 0.83885 0.0110033 -0.172279 -0.00615048 1 143
0 190 190 0 3920 -0.988331 -0.0315151 0.788557 0.0113083 -0.173681 -0.00675234 1 148
0 190 191 0 3920 -0.943105 -0.00904465 0.810051 0.0114996 -0.173075 -0.00717443 1 153
0 190 188 0 3920 -0.905994 0.0627289 0.799917 0.0120003 -0.172192 -0.00852111 1 158
0 190 191 0 3920 -0.958261 0.029953 0.542622 0.0106 -0.172074 -0.00880627 1 163
0 190 190 0 3920 -1.08259 -0.067255 0.563566 0.0103468 -0.16992 -0.00967714 1 168
0 190 190 0 3920 -1.05329 0.00284958 0.632832 0.0125662 -0.169039 -0.00943096 1 173
0 190 190 0 3920 -0.966394 -0.000108719 0.74679 0.0104071 -0.169404 -0.00786613 1 178
0 190 190 0 3920 -0.970975 0.035265 0.856377 0.0137528 -0.169093 -0.00751603 1 183
0 190 189 0 3920 -1.05663 -0.0256252 0.603573 0.0108353 -0.167166 -0.0100226 1 188
0 190 189 0 3920 -0.953056 0.0678082 0.665909 0.0112624 -0.167373 -0.00876141 1 193
0 190 190 0 3920 -0.9806 0.0387745 0.70632 0.0109608 -0.167315 -0.00935656 1 198
0 190 189 0 3920 -0.958125 -0.000484467 0.640642 0.00978541 -0.167285 -0.00886185 1 203
0 190 189 0 3920 -0.984346 0.0509281 0.708139 0.0111591 -0.165498 -0.00940397 1 208
0 190 190 0 3920 -0.981822 0.0689545 0.602997 0.0107101 -0.166346 -0.00994533 1 213
0 190 190 0 3920 -0.97101 0.0345287 0.529984 0.0121847 -0.164521 -0.0108959 1 218
0 190 188 0 3920 -0.92684 0.12649 0.518322 0.0126787 -0.165064 -0.0123101 1 223
0 190 191 0 3920 -0.990299 0.0245838 0.806812 0.0124661 -0.162237 -0.00964001 1 228
0 190 190 0 3920 -0.957172 0.069952 0.603306 0.0117929 -0.165037 -0.0104457 1 233
0 190 190 0 3920 -0.93747 0.0803852 0.568485 0.0105997 -0.164881 -0.0112551 1 239
0 190 191 0 3920 -0.908929 0.0802441 0.57592 0.0119224 -0.163529 -0.01158 1 244
0 190 190 0 3920 -0.978261 0.0763493 0.59156 0.0126266 -0.161887 -0.0113719 1 249
0 190 190 0 3920 -1.03596 0.0333252 0.461998 0.0106162 -0.162352 -0.0120944 1 254
0 190 191 0 3920 -0.922208 0.103487 0.669968 0.00987446 -0.164105 -0.0106605 1 259
0 190 189 0 3920 -0.95 0.0672779 0.396873 0.0121779 -0.162069 -0.0120714 1 264
0 190 189 0 3920 -0.99868 0.0492001 0.586866 0.0114999 -0.161457 -0.0108122 1 269
0 190 190 0 3920 -0.873073 0.151102 0.643288 0.0129213 -0.162169 -0.00998001 1 274
0 190 191 0 3920 -1.02203 0.0634632 0.421673 0.0128721 -0.159821 -0.0127985 1 279
0 190 190 0 3920 -0.965341 0.105284 0.544535 0.0106529 -0.160992 -0.0119472 1 284
0 190 190 0 3920 -0.967676 0.0820427 0.396267 0.00884759 -0.160509 -0.0128209 1 289
0 190 190 0 3920 -0.968983 0.119764 0.454964 0.0103993 -0.161029 -0.0123504 1 294
0 190 189 0 3920 -0.931104 0.141296 0.538427 0.0108899 -0.160151 -0.0116128 1 299
0 190 189 0 3920 -1.03735 0.126125 0.500751 0.012143 -0.159408 -0.0114765 1 304
0 190 189 0 3920 -0.986484 0.116667 0.473122 0.0122343 -0.160038 -0.0124973 1 309
0 190 188 0 3920 -0.954603 0.0500278 0.570892 0.0118827 -0.158404 -0.0122156 1 314
0 190 188 0 3920 -0.990856 0.0559216 0.505007 0.011377 -0.158643 -0.0127688 1 320
0 190 189 0 3920 -1.01311 0.0844135 0.348024 0.0121329 -0.157683 -0.0127527 1 325
0 190 189 0 3920 -0.945608 0.0985241 0.564648 0.0106425 -0.158545 -0.0110169 1 330
0 190 189 0 3920 -0.947078 0.101114 0.601109 0.0126286 -0.158098 -0.0123967 1 335
0 190 189 0 3920 -1.02145 0.0711842 0.387842 0.0112185 -0.157906 -0.0134152 1 340
0 190 190 0 3920 -0.894973 0.116009 0.571362 0.00967753 -0.159242 -0.0124788 1 344
0 190 190 0 3920 -0.977846 0.0869389 0.560713 0.0105191 -0.158063 -0.0106877 1 348
0 190 190 0 3920 -0.941324 0.176641 0.409428 0.0119369 -0.157636 -0.0139698 1 352
0 190 189 0 3920 -0.998861 0.126446 0.318815 0.0101757 -0.157195 -0.0136121 1 356
0 190 189 0 3920 -0.959126 0.105795 0.569021 0.0116382 -0.156362 -0.0129036 1 360
0 190 189 0 3920 -0.879169 0.168314 0.563507 0.0100778 -0.158993 -0.0122248 1 364
0 190 189 0 3920 -0.969599 0.0880547 0.461979 0.0113788 -0.157037 -0.0128625 1 368
0 190 189 0 3920 -0.92654 0.159418 0.288704 0.0101649 -0.155916 -0.0147118 1 372
0 190 189 0 3920 -0.968902 0.110939 0.482904 0.0110421 -0.155207 -0.013233 1 376
0 190 190 0 3920 -0.875686 0.143845 0.586458 0.0124302 -0.15567 -0.0118353 1 380
0 190 190 0 3920 -0.968998 0.128523 0.482512 0.0107787 -0.156775 -0.0129573 1 384
0 190 190 0 3920 -0.906919 0.103251 0.324778 0.0124143 -0.155215 -0.0144566 1 388
0 190 190 0 3920 -0.939301 0.123508 0.350227 0.00897968 -0.154594 -0.0135096 1 392
0 190 189 0 3920 -0.944447 0.0799885 0.630278 0.0118445 -0.154668 -0.0122727 1 396
0 190 188 0 3920 -0.926452 0.140013 0.473701 0.0119261 -0.155891 -0.0132016 1 400
0 190 189 0 3920 -1.00709 0.11068 0.244366 0.0128391 -0.153906 -0.0138561 1 404
0 190 187 0 3920 -0.898234 0.115791 0.385029 0.0116752 -0.154473 -0.0149007 1 408
0 190 189 0 3920 -0.96921 0.0920162 0.528996 0.0105062 -0.155309 -0.011512 1 413
0 190 190 0 3920 -0.943165 0.141933 0.58267 0.0121417 -0.153763 -0.0125149 1 420
0 190 190 0 3920 -0.969222 0.128019 0.293003 0.0124367 -0.152785 -0.0139674 1 425
0 190 190 0 3920 -0.980911 0.0672722 0.507923 0.0101279 -0.155251 -0.011397 1 432
0 190 191 0 3920 -0.937313 0.140472 0.215782 0.0110281 -0.155176 -0.0150803 1 436
0 190 189 0 3920 -1.02447 0.0848236 0.271622 0.00984538 -0.153451 -0.0152725 1 441
0 190 188 0 3920 -0.990198 0.116327 0.279795 0.0109422 -0.153504 -0.0144749 1 445
0 190 188 0 3920 -0.876867 0.109276 0.298971 0.0117183 -0.153059 -0.0151901 1 449
0 190 188 0 3920 -0.889426 0.14933 0.375874 0.00986564 -0.153864 -0.0139205 1 453
0 190 188 0 3920 -0.965921 0.112677 0.598 0.0123043 -0.151586 -0.0127961 1 457
0 190 188 0 3920 -0.915843 0.154072 0.378094 0.0120161 -0.153557 -0.0136907 1 461
0 190 189 0 3920 -0.985453 0.119007 0.31831 0.0113147 -0.152092 -0.0144277 1 465
0 190 189 0 3920 -0.837246 0.159346 0.375435 0.0128673 -0.153721 -0.0145949 1 469
0 190 190 0 3920 -0.911908 0.129242 0.394934 0.0100285 -0.153858 -0.0135479 1 473
0 190 190 0 3920 -0.968967 0.104544 0.513184 0.0122727 -0.151666 -0.0136496 1 477
0 190 191 0 3920 -0.949534 0.120253 0.332895 0.0115057 -0.15301 -0.014555 1 481
0 190 190 0 3920 -0.953305 0.149813 0.30344 0.0127243 -0.152105 -0.0138647 1 485
0 190 191 0 3920 -0.848031 0.136309 0.359844 0.0119939 -0.153173 -0.0152323 1 489
0 190 190 0 3920 -0.954977 0.14823 0.281857 0.0101908 -0.152233 -0.0142146 1 493
0 190 191 0 3920 -0.971861 0.0955868 0.529432 0.0123451 -0.150326 -0.0143172 1 497
0 190 189 0 3920 -0.961056 0.15992 0.41855 0.0123407 -0.152221 -0.0137714 1 501
0 190 189 0 3920 -0.974207 0.144831 0.269609 0.0124125 -0.151586 -0.014532 1 505
0 190 189 0 3920 -0.894541 0.129822 0.25799 0.0118675 -0.152329 -0.0160235 1 509
0 190 189 0 3920 -0.941669 0.125338 0.318525 0.010234 -0.151999 -0.0139661 1 513
0 190 189 0 3920 -0.937468 0.129547 0.588787 0.0127419 -0.150651 -0.0139838 1 517
0 190 190 0 3920 -0.954387 0.156267 0.312002 0.0110267 -0.152151 -0.0142836 1 521
0 190 189 0 3920 -1.01278 0.130499 0.236095 0.0129988 -0.149848 -0.0157642 1 525
0 190 189 0 3920 -0.920576 0.161016 0.330513 0.0107659 -0.151398 -0.0157683 1 529
0 190 190 0 3920 -0.955767 0.133024 0.455864 0.0112679 -0.151793 -0.0131229 1 533
0 190 190 0 3920 -0.895603 0.165361 0.38991 0.0118513 -0.152188 -0.0149936 1 538
0 190 190 0 3920 -0.881865 0.176208 0.520847 0.0124383 -0.151302 -0.0133574 1 542
0 190 191 0 3920 -0.944447 0.165655 0.364153 0.0116527 -0.151119 -0.014416 1 546
0 190 190 0 3920 -0.91396 0.133724 0.206165 0.0123379 -0.150711 -0.0161067 1 550
0 190 190 0 3920 -0.928403 0.152716 0.206045 0.00951517 -0.149905 -0.0154776 1 554
0 190 189 0 3920 -0.938649 0.137638 0.44042 0.01139 -0.148923 -0.0137473 1 558
0 190 190 0 3920 -0.898535 0.179802 0.43227 0.0124406 -0.150197 -0.0136031 1 562
0 190 189 0 3920 -0.978153 0.164944 0.245703 0.0115293 -0.150511 -0.0147271 1 566
0 190 189 0 3920 -0.903049 0.153847 0.215153 0.0120522 -0.150172 -0.015837 1 570
0 190 190 0 3920 -0.909324 0.155226 0.321636 0.00920928 -0.149847 -0.0146851 1 574
0 190 189 0 3920 -0.918083 0.208216 0.187038 0.0107262 -0.150925 -0.0148535 1 579
0 190 189 0 3920 -0.979684 0.134747 0.294596 0.0111712 -0.150306 -0.0148635 1 583
0 190 189 0 3920 -0.899653 0.157427 0.330544 0.0111709 -0.150375 -0.0144685 1 587
0 190 189 0 3920 -0.969671 0.123446 0.305786 0.0102385 -0.150328 -0.014383 1 591
0 190 189 0 3920 -0.974054 0.128727 0.371414 0.0132682 -0.149542 -0.0137775 1 595
0 190 189 0 3920 -0.895107 0.228308 0.374683 0.0121787 -0.150041 -0.0137966 1 599
0 190 190 0 3920 -0.956855 0.155252 0.285273 0.0113319 -0.149949 -0.0151489 1 603
0 190 190 0 3920 -0.960692 0.150539 0.19606 0.0116129 -0.149259 -0.0158302 1 607
0 190 190 0 3920 -0.935781 0.156849 0.22381 0.0109168 -0.149453 -0.0142142 1 611
0 190 190 0 3920 -0.922251 0.202822 0.0923309 0.0104597 -0.150731 -0.016243 1 616
0 190 190 0 3920 -1.02289 0.136774 0.222033 0.0108982 -0.148009 -0.0152444 1 620
0 190 190 0 3920 -0.87992 0.198507 0.394163 0.0113157 -0.1483 -0.0140143 1 624
0 190 190 0 3920 -1.00323 0.223068 0.358475 0.0104927 -0.149058 -0.0134087 1 629
0 190 189 0 3920 -0.918966 0.166021 0.374979 0.010046 -0.149252 -0.0141829 1 634
0 190 188 0 3920 -0.965167 0.189795 0.202652 0.0108348 -0.148814 -0.0156788 1 638
0 190 188 0 3920 -0.965056 0.153961 0.359594 0.0119388 -0.148846 -0.0147282 1 642
0 190 188 0 3920 -0.976612 0.160501 0.306339 0.0122684 -0.14763 -0.0155732 1 648
0 190 189 0 3920 -0.970968 0.15498 0.26469 0.0119567 -0.148378 -0.0144446 1 652
0 190 190 0 3920 -0.983009 0.139639 0.368546 0.0117835 -0.146126 -0.0147413 1 657
0 190 191 0 3920 -0.90276 0.18133 0.308647 0.0118767 -0.14789 -0.0146884 1 662
0 190 189 0 3920 -1.00097 0.18219 0.277443 0.0121369 -0.147422 -0.0146057 1 668
0 190 190 0 3920 -0.97207 0.128714 0.426773 0.0109955 -0.148103 -0.0139537 1 673
0 190 190 0 3920 -0.996593 0.156851 0.208687 0.0104505 -0.146602 -0.0156379 1 678
0 190 189 0 3920 -0.97086 0.150846 0.152458 0.0103537 -0.148228 -0.0154429 1 682
0 190 189 0 3920 -0.959115 0.199274 0.337015 0.0109462 -0.148459 -0.0147003 1 687
0 190 190 0 3920 -0.992216 0.14382 0.218533 0.0108953 -0.148112 -0.0148591 1 692
0 190 190 0 3920 -0.886806 0.238703 0.321142 0.0120952 -0.147992 -0.0147147 1 697
0 190 190 0 3920 -0.967813 0.146751 0.281832 0.0110346 -0.147814 -0.0151665 1 701
0 190 190 0 3920 -0.972159 0.160448 0.217611 0.0124676 -0.146429 -0.0164594 1 705
0 190 190 0 3920 -0.909049 0.19076 0.181555 0.0113804 -0.147432 -0.0173356 1 710
0 190 188 0 3920 -0.910537 0.191822 0.174093 0.0114002 -0.148096 -0.0165093 1 715
0 190 189 0 3920 -0.903274 0.198465 0.417789 0.0125705 -0.146625 -0.0144619 1 720
0 190 188 0 3920 -0.915195 0.164129 0.255054 0.0121075 -0.146771 -0.0155999 1 725
0 190 189 0 3920 -0.963792 0.200331 0.310328 0.0127313 -0.146793 -0.0148692 1 730
0 190 189 0 3920 -0.98863 0.13765 0.313007 0.0108855 -0.144253 -0.0150826 1 735
0 190 189 0 3920 -0.994367 0.153818 0.134823 0.0107664 -0.147165 -0.0167179 1 739
0 190 190 0 3920 -0.968504 0.157215 0.17494 0.0121305 -0.145624 -0.0160476 1 743
0 190 189 0 3920 -0.886632 0.249449 0.286392 0.0118678 -0.146362 -0.0163124 1 747
0 190 190 0 3920 -0.898637 0.191725 0.0816498 0.0107645 -0.14737 -0.0158232 1 751
0 190 189 0 3920 -0.968947 0.144888 0.191277 0.010909 -0.145835 -0.0159354 1 755
0 190 190 0 3920 -0.927094 0.191563 0.269768 0.0110441 -0.145418 -0.0151047 1 759
0 190 191 0 3920 -0.949499 0.238132 0.331955 0.0105149 -0.146616 -0.0143219 1 763
0 190 191 0 3920 -0.982779 0.158247 0.304819 0.011849 -0.146355 -0.0144937 1 767
0 190 191 0 3920 -0.920477 0.172392 0.140221 0.011693 -0.14703 -0.0167906 1 771
0 190 190 0 3920 -1.00613 0.125908 0.0673199 0.0104707 -0.145808 -0.0168679 1 775
0 190 189 0 3920 -0.971568 0.160437 0.263605 0.0126541 -0.144457 -0.0159812 1 780
0 190 189 0 3920 -0.97348 0.114899 0.226913 0.0105792 -0.145345 -0.0144214 1 785
0 190 188 0 3920 -0.947094 0.153938 0.135103 0.010396 -0.146078 -0.0155104 1 790
0 190 190 0 3920 -0.988842 0.152151 0.0960999 0.0109284 -0.146624 -0.0167594 1 795
0 190 190 0 3920 -0.88674 0.202089 0.349838 0.00959933 -0.147923 -0.0147165 1 800
0 190 189 0 3920 -0.86631 0.222588 0.247559 0.0121224 -0.145765 -0.0163873 1 805
0 190 190 0 3920 -0.902895 0.208364 0.234695 0.0118035 -0.145105 -0.0162575 1 810
0 190 190 0 3920 -0.923442 0.187181 0.281239 0.0118228 -0.144517 -0.0154065 1 815
0 190 191 0 3920 -0.976204 0.176172 0.146286 0.012193 -0.144619 -0.0167028 1 820
0 190 190 0 3920 -0.974497 0.18088 0.317944 0.0120773 -0.145456 -0.0144304 1 825
0 190 190 0 3920 -0.936922 0.164415 0.29962 0.0112853 -0.143921 -0.015142 1 830
0 190 188 0 3920 -0.944891 0.172998 0.189068 0.0109046 -0.145712 -0.0165735 1 835
0 190 190 0 3920 -0.975872 0.209888 0.185829 0.0104324 -0.145838 -0.0150734 1 840
0 190 187 0 3920 -0.888422 0.212503 0.07691 0.0097506 -0.145532 -0.0173378 1 845
0 190 189 0 3920 -0.883752 0.260437 0.293354 0.0123916 -0.14536 -0.014912 1 850
0 190 188 0 3920 -0.956751 0.154493 0.115925 0.0111066 -0.144228 -0.0164192 1 855
0 190 189 0 3920 -0.89249 0.175522 0.197206 0.0118781 -0.143549 -0.0166613 1 859
0 190 189 0 3920 -0.989934 0.134016 0.26825 0.0128467 -0.144765 -0.0151018 1 865
0 190 189 0 3920 -1.01113 0.156286 0.112946 0.0104111 -0.144494 -0.0167156 1 869
0 190 189 0 3920 -0.918872 0.188166 0.236336 0.0115404 -0.144637 -0.0155984 1 875
0 190 189 0 3920 -0.936698 0.143801 0.308025 0.0101639 -0.144713 -0.0137595 1 880
0 190 189 0 3920 -0.907698 0.209309 0.0602627 0.0103924 -0.145132 -0.0166054 1 885
0 190 190 0 3920 -0.909437 0.187422 0.181551 0.0119891 -0.144162 -0.015696 1 890
0 190 190 0 3920 -1.00435 0.208389 0.26725 0.0119373 -0.14389 -0.0149221 1 896
0 190 190 0 3920 -0.939198 0.170946 0.235287 0.00970221 -0.143551 -0.0152291 1 901
0 190 189 0 3920 -0.954594 0.252781 0.0195522 0.0111612 -0.144008 -0.0169171 1 906
0 190 190 0 3920 -0.91071 0.214184 0.198856 0.0112233 -0.143578 -0.0157228 1 911
0 190 189 0 3920 -0.836517 0.188116 0.159731 0.0114242 -0.143985 -0.0169641 1 916
0 190 190 0 3920 -0.892821 0.203871 0.336269 0.0131259 -0.144172 -0.0153112 1 921
0 190 191 0 3920 -0.973857 0.150614 0.255039 0.0113512 -0.142389 -0.0157448 1 926
0 190 190 0 3920 -0.972153 0.173426 0.050087 0.0116738 -0.143122 -0.0169558 1 931
0 190 190 0 3920 -0.948916 0.137709 0.20459 0.0102234 -0.14397 -0.014818 1 936
0 190 190 0 3920 -0.871004 0.207745 0.0457802 0.0106702 -0.145181 -0.0167904 1 941
0 190 189 0 3920 -0.860842 0.238882 0.342241 0.0120043 -0.143844 -0.0152642 1 946
0 190 190 0 3920 -0.922037 0.173422 0.203522 0.0126678 -0.142619 -0.016634 1 951
0 190 188 0 3920 -0.975355 0.212111 0.180656 0.0124258 -0.143278 -0.0159354 1 956
0 190 190 0 3920 -0.956347 0.15556 0.154272 0.0106552 -0.14214 -0.0164485 1 961
0 190 189 0 3920 -0.9103 0.178476 0.183794 0.0107093 -0.144465 -0.0163917 1 966
0 190 190 0 3920 -0.931292 0.226847 0.277372 0.0115461 -0.143493 -0.0153767 1 971
0 190 189 0 3920 -0.898239 0.232533 0.22529 0.0119718 -0.142998 -0.0165361 1 976
0 190 189 0 3920 -0.902989 0.208031 0.228378 0.0116377 -0.142282 -0.0156363 1 981
0 190 188 0 3920 -1.00276 0.172918 -0.000846863 0.0124084 -0.14142 -0.0168133 1 986
0 190 189 0 3920 -0.978441 0.173941 0.233339 0.0103663 -0.143427 -0.0145475 1 991
0 190 189 0 3920 -0.848405 0.235048 0.024456 0.0105684 -0.144173 -0.0166072 1 996
0 190 191 0 3920 -0.862888 0.211924 0.310959 0.0127001 -0.142583 -0.0154661 1 1001
0 190 190 0 3920 -0.934903 0.152868 0.116508 0.0112919 -0.141656 -0.0166615 1 1006
0 190 189 0 3920 -0.982799 0.203573 0.173553 0.0117314 -0.142635 -0.0160596 1 1011
0 190 189 0 3920 -0.942332 0.187372 0.161602 0.0113335 -0.141559 -0.0164401 1 1016
0 190 189 0 3920 -0.920768 0.197605 0.1595 0.0107988 -0.143093 -0.0154579 1 1021
0 190 188 0 3920 -0.876139 0.199396 0.26359 0.010981 -0.142761 -0.016054 1 1026
0 190 189 0 3920 -0.94047 0.217039 0.188444 0.0116799 -0.141686 -0.0167705 1 1031
0 190 189 0 3920 -0.975857 0.192999 0.124731 0.0110763 -0.140985 -0.0167666 1 1036
0 190 189 0 3920 -0.968118 0.173899 0.142906 0.010726 -0.142545 -0.0162663 1 1041
0 190 189 0 3920 -0.927114 0.248545 0.14563 0.0119618 -0.141466 -0.0170627 1 1046
0 190 190 0 3920 -0.872882 0.247458 0.139584 0.0114865 -0.143274 -0.0169275 1 1051
0 190 189 0 3920 -0.892197 0.192921 0.257635 0.0119796 -0.141466 -0.0159302 1 1056
0 190 190 0 3920 -0.982591 0.187742 0.0166626 0.0122209 -0.141147 -0.0164129 1 1061
0 190 190 0 3920 -0.963285 0.183613 0.128305 0.0104116 -0.142354 -0.0155984 1 1066
0 190 190 0 3920 -0.916975 0.244946 0.108063 0.0110204 -0.142425 -0.0160151 1 1071
0 190 190 0 3920 -0.872221 0.229677 0.247108 0.0122014 -0.141186 -0.015253 1 1076
0 190 189 0 3920 -0.910833 0.168402 0.119337 0.0112786 -0.140244 -0.0167643 1 1081
0 190 188 0 3920 -0.935701 0.156643 0.137194 0.0121148 -0.141681 -0.0156151 1 1086
0 190 189 0 3920 -0.952432 0.187632 0.0130806 0.0106968 -0.142135 -0.0170326 1 1091
0 190 189 0 3920 -1.00995 0.194382 0.0920601 0.0122542 -0.140146 -0.0163974 1 1097
0 190 188 0 3920 -0.964167 0.162584 0.114216 0.00944769 -0.141087 -0.0156817 1 1102
0 190 189 0 3920 -0.949453 0.264549 -0.0043869 0.010962 -0.14219 -0.016838 1 1107
0 190 189 0 3920 -0.838351 0.239645 0.213352 0.0112894 -0.140649 -0.0153144 1 1112
0 190 189 0 3920 -0.864309 0.185202 0.138283 0.0120742 -0.140434 -0.0166143 1 1117
0 190 190 0 3920 -0.95364 0.159801 0.233368 0.0123245 -0.140697 -0.0158911 1 1122
0 190 190 0 3920 -1.00475 0.168047 -0.0299759 0.01028 -0.141069 -0.0170382 1 1127
0 190 190 0 3920 -0.898499 0.213701 0.161831 0.0105969 -0.142166 -0.0166517 1 1132
0 190 190 0 3920 -0.897964 0.264254 0.145542 0.0126535 -0.14097 -0.0172001 1 1137
0 190 190 0 3920 -0.938081 0.160261 0.319239 0.0118616 -0.138582 -0.0155775 1 1142
0 190 191 0 3920 -0.945013 0.177912 0.116497 0.0102004 -0.14091 -0.0167968 1 1147
0 190 191 0 3920 -0.912525 0.193199 0.151781 0.0106077 -0.141158 -0.0164717 1 1152
0 190 190 0 3920 -0.921436 0.239851 0.0675068 0.0118133 -0.14044 -0.0180307 1 1157
0 190 190 0 3920 -0.927186 0.188787 0.209398 0.0116552 -0.140109 -0.016283 1 1162
0 190 190 0 3920 -0.895835 0.174772 0.125111 0.0108157 -0.140739 -0.0167403 1 1167
0 190 191 0 3920 -0.86541 0.245642 0.164539 0.0110793 -0.141102 -0.0170331 1 1172
0 190 190 0 3920 -0.949816 0.225691 0.166286 0.0114349 -0.139196 -0.0166838 1 1178
0 190 190 0 3920 -0.892776 0.226166 0.175184 0.0110137 -0.141338 -0.0158299 1 1183
0 190 190 0 3920 -0.961514 0.153084 0.0859451 0.0106211 -0.140547 -0.0156662 1 1189
0 190 189 0 3920 -0.907267 0.214678 0.0202465 0.0100442 -0.141433 -0.0167767 1 1194
0 190 188 0 3920 -0.850253 0.249119 0.233952 0.0117869 -0.140661 -0.0156207 1 1199
0 190 189 0 3920 -0.92012 0.191107 0.085331 0.0123625 -0.139304 -0.0174124 1 1204
0 190 190 0 3920 -0.965202 0.163168 0.129036 0.0108017 -0.139918 -0.01572 1 1209
0 190 189 0 3920 -0.966427 0.217169 -0.0347977 0.0105968 -0.140442 -0.0173985 1 1214
0 190 190 0 3920 -0.882392 0.26597 0.199684 0.0113239 -0.139815 -0.0160557 1 1218
0 190 190 0 3920 -0.941946 0.227762 0.122995 0.0102774 -0.140768 -0.0162582 1 1222
0 190 190 0 3920 -0.967841 0.177294 0.0805702 0.0100148 -0.139777 -0.0159687 1 1226
0 190 190 0 3920 -0.923613 0.20286 0.317381 0.0122961 -0.138125 -0.0156351 1 1230
0 190 190 0 3920 -0.866579 0.235764 0.270058 0.0117728 -0.140116 -0.0158027 1 1234
0 190 190 0 3920 -0.904483 0.233189 0.13068 0.0101722 -0.141262 -0.0168096 1 1239
0 190 189 0 3920 -0.913349 0.263683 0.164944 0.0123039 -0.140025 -0.0174502 1 1243
0 190 189 0 3920 -0.91053 0.218088 0.0687637 0.0122647 -0.139949 -0.0172848 1 1248
0 190 190 0 3920 -0.955074 0.210859 0.113396 0.0115849 -0.139458 -0.0164776 1 1252
0 190 191 0 3920 -0.930325 0.164858 0.0419197 0.0111911 -0.139561 -0.0173385 1 1256
0 190 191 0 3920 -0.879696 0.231604 0.0843391 0.0117958 -0.138802 -0.0180507 1 1261
0 190 189 0 3920 -0.94697 0.167032 0.201412 0.0120498 -0.137722 -0.0163756 1 1266
0 190 189 0 3920 -0.970942 0.178373 0.0288448 0.0106035 -0.140289 -0.0176234 1 1270
0 190 189 0 3920 -0.980356 0.204302 0.0175495 0.0116619 -0.138538 -0.0167895 1 1274
0 190 190 0 3920 -0.931786 0.266161 0.138151 0.0127366 -0.139152 -0.016831 1 1278
0 190 190 0 3920 -0.942079 0.181696 -0.0315781 0.0110127 -0.139135 -0.0166385 1 1282
0 190 189 0 3920 -0.886747 0.219118 0.0589466 0.0119408 -0.140131 -0.0168487 1 1286
0 190 191 0 3920 -0.938908 0.208691 0.120436 0.0126934 -0.137811 -0.0165699 1 1290
0 190 190 0 3920 -0.956131 0.148594 0.2257 0.00977993 -0.138745 -0.0149882 1 1294
0 190 190 0 3920 -0.890491 0.257732 -0.0282955 0.0110694 -0.139145 -0.0180251 1 1298
0 190 189 0 3920 -0.919979 0.201002 0.133904 0.0120146 -0.138216 -0.016968 1 1302
0 190 189 0 3920 -0.943146 0.186323 0.0550175 0.0117912 -0.137578 -0.0167346 1 1306
0 190 188 0 3920 -0.829216 0.209259 0.0772743 0.0118834 -0.138985 -0.0179484 1 1310
0 190 188 0 3920 -0.86731 0.241953 0.0860443 0.00973976 -0.13858 -0.0175354 1 1314
0 190 190 0 3920 -0.938275 0.189335 0.261864 0.0121301 -0.137169 -0.0164505 1 1318
0 190 190 0 3920 -0.92743 0.187717 -0.0175705 0.010499 -0.139486 -0.0175052 1 1323
0 190 190 0 3920 -0.879032 0.229269 0.101421 0.0109742 -0.139721 -0.0171604 1 1327
0 190 190 0 3920 -0.912511 0.200203 -0.00289917 0.00926793 -0.138575 -0.0173351 1 1332
0 190 190 0 3920 -0.938423 0.212311 0.060873 0.0101888 -0.138384 -0.0173575 1 1336
0 190 189 0 3920 -0.905439 0.242332 0.124481 0.0110695 -0.138173 -0.0160913 1 1341
0 190 189 0 3920 -0.890637 0.213247 0.00130844 0.0114304 -0.139112 -0.0177324 1 1346
0 190 190 0 3920 -0.891344 0.222906 0.0848961 0.0115851 -0.138857 -0.0167005 1 1350
0 190 190 0 3920 -0.853164 0.273428 0.201015 0.0126035 -0.139425 -0.0155978 1 1354
0 190 191 0 3920 -0.958031 0.177156 0.0152664 0.012655 -0.136696 -0.017179 1 1359
0 190 189 0 3920 -0.942159 0.173338 0.0396576 0.0105063 -0.138683 -0.0156477 1 1363
0 190 189 0 3920 -0.937743 0.17457 0.185097 0.0122782 -0.138528 -0.0160074 1 1368
0 190 190 0 3920 -0.950749 0.187712 0.174566 0.0115249 -0.137917 -0.0164628 1 1372
0 190 189 0 3920 -0.930505 0.199913 0.0462322 0.0126604 -0.137326 -0.016667 1 1376
0 190 190 0 3920 -0.934027 0.173412 0.155369 0.0105118 -0.138609 -0.0147868 1 1380
0 190 190 0 3920 -0.892217 0.21637 0.0767879 0.0109191 -0.137779 -0.0179919 1 1384
0 190 189 0 3920 -0.893684 0.261988 0.0636921 0.0108764 -0.139187 -0.0163803 1 1388
0 190 190 0 3920 -0.893986 0.223286 0.074461 0.0116185 -0.138821 -0.0171725 1 1392
0 190 189 0 3920 -0.826312 0.24951 0.110043 0.0116464 -0.138305 -0.0172863 1 1397
0 190 189 0 3920 -0.886135 0.228664 -0.00681686 0.0100455 -0.13799 -0.0179646 1 1401
0 190 189 0 3920 -0.858356 0.248941 0.230614 0.0128244 -0.138027 -0.015637 1 1406
0 190 190 0 3920 -0.907621 0.244036 0.0723915 0.0117867 -0.137729 -0.0166101 1 1410
0 190 190 0 3920 -0.901634 0.17724 0.135134 0.0114987 -0.138268 -0.0154513 1 1415
0 190 191 0 3920 -0.969789 0.185673 0.143593 0.0129865 -0.138294 -0.0159467 1 1419
0 190 191 0 3920 -0.97056 0.197067 -0.020895 0.0109222 -0.138374 -0.0173117 1 1424
0 190 190 0 3920 -0.859274 0.230989 0.158482 0.0107683 -0.138965 -0.0165245 1 1429
0 190 190 0 3920 -0.964299 0.215298 0.153467 0.0111711 -0.137306 -0.0160769 1 1433
0 190 190 0 3920 -0.90032 0.202154 0.289219 0.0122305 -0.136862 -0.0163066 1 1437
0 190 189 0 3920 -0.891599 0.233109 0.17547 0.012154 -0.137548 -0.0167919 1 1441
0 190 188 0 3920 -0.906681 0.184151 0.0515156 0.00996578 -0.137762 -0.0173102 1 1446
0 190 190 0 3920 -0.976101 0.202141 0.10914 0.0114669 -0.138293 -0.0166697 1 1450
0 190 189 0 3920 -0.932562 0.18981 0.157284 0.0119848 -0.136064 -0.0168458 1 1454
0 190 190 0 3920 -0.867472 0.21974 0.205202 0.0119041 -0.136678 -0.0164808 1 1458
0 190 190 0 3920 -0.906636 0.214808 0.124895 0.010946 -0.138137 -0.0160457 1 1462
0 190 191 0 3920 -0.874703 0.253624 0.0272446 0.0126551 -0.137787 -0.0184428 1 1466
0 190 189 0 3920 -0.875118 0.249258 -0.103529 0.0108542 -0.139028 -0.01819 1 1470
0 190 189 0 3920 -0.932431 0.196772 0.0671005 0.0108898 -0.137232 -0.0174611 1 1474
0 190 189 0 3920 -0.887116 0.220287 0.110128 0.0103637 -0.1386 -0.0162528 1 1479
0 190 190 0 3920 -0.960189 0.166086 0.0177822 0.0100027 -0.137186 -0.0161328 1 1485
0 190 190 0 3920 -0.88824 0.281788 0.0465794 0.0113696 -0.138813 -0.0163507 1 1489
0 190 189 0 3920 -0.93774 0.225557 0.0634041 0.0124552 -0.136186 -0.0169903 1 1495
0 190 190 0 3920 -0.931708 0.167192 0.155519 0.0101712 -0.137355 -0.0156575 1 1499
0 190 189 0 3920 -0.890799 0.236559 -0.0320721 0.0114864 -0.137589 -0.0181926 1 1505
0 190 190 0 3920 -0.943359 0.178938 0.0451756 0.0116214 -0.136792 -0.0175866 1 1509
0 190 190 0 3920 -0.96319 0.248142 0.111343 0.0109437 -0.137456 -0.0160637 1 1515
0 190 191 0 3920 -0.945887 0.175537 -0.00896454 0.00920486 -0.137175 -0.016361 1 1519
0 190 189 0 3920 -0.861851 0.272142 0.105324 0.0119847 -0.138339 -0.0167133 1 1524
0 190 189 0 3920 -0.946481 0.218439 0.0373802 0.0119482 -0.135936 -0.0171666 1 1528
0 190 189 0 3920 -0.899369 0.200979 2.67029e-05 0.0114185 -0.137346 -0.0180671 1 1533
0 190 190 0 3920 -0.924699 0.217196 0.129385 0.0131615 -0.136598 -0.0172088 1 1537
0 190 191 0 3920 -1.00765 0.173763 -0.0558071 0.0105929 -0.136691 -0.0184877 1 1542
0 190 190 0 3920 -0.954205 0.187641 -0.00754356 0.0119072 -0.135747 -0.017559 1 1546
0 190 190 0 3920 -0.940718 0.235746 0.128719 0.0124352 -0.137043 -0.0160481 1 1551
0 190 189 0 3920 -0.884594 0.25403 -0.0925922 0.0105833 -0.137889 -0.0178215 1 1555
0 190 189 0 3920 -0.944794 0.189936 0.0363865 0.010926 -0.136631 -0.0172207 1 1559
0 190 189 0 3920 -0.948216 0.228388 0.0155239 0.0119892 -0.136293 -0.0168594 1 1563
0 190 190 0 3920 -0.94186 0.178978 -0.01898 0.0102561 -0.136322 -0.0164052 1 1567
0 190 189 0 3920 -0.954378 0.19948 0.152397 0.0127825 -0.136383 -0.0166224 1 1571
0 190 190 0 3920 -0.870896 0.251734 0.227043 0.0122807 -0.136048 -0.0162528 1 1575
0 190 189 0 3920 -0.91684 0.198088 0.076231 0.0104653 -0.136579 -0.0172603 1 1580
0 190 190 0 3920 -0.938417 0.176159 0.168129 0.0106457 -0.137201 -0.0146056 1 1583
0 190 189 0 3920 -0.927147 0.196932 0.114635 0.0119343 -0.13748 -0.0160991 1 1587
0 190 191 0 3920 -0.95506 0.197046 0.00211143 0.0112242 -0.135997 -0.0179245 1 1591
0 190 190 0 3920 -0.980805 0.191238 -0.0469837 0.0127355 -0.134459 -0.017594 1 1595
0 190 190 0 3920 -0.855764 0.233782 0.0484924 0.0124149 -0.136551 -0.01706 1 1599
0 190 190 0 3920 -0.906014 0.261049 0.145086 0.0125734 -0.136671 -0.0171578 1 1603
0 190 189 0 3920 -0.858288 0.266293 0.0582619 0.0126519 -0.136395 -0.0168336 1 1607
0 190 190 0 3920 -0.894964 0.238876 0.0603848 0.0118484 -0.135029 -0.0168057 1 1611
0 190 190 0 3920 -0.824942 0.232676 0.100365 0.0118127 -0.136893 -0.0172067 1 1615
0 190 189 0 3920 -0.84737 0.264496 0.0173721 0.00963521 -0.13613 -0.0179952 1 1619
0 190 190 0 3920 -0.914345 0.265909 -0.0663872 0.0114349 -0.136655 -0.0179669 1 1623
0 190 190 0 3920 -0.913573 0.21129 0.0494061 0.0126866 -0.134846 -0.0173945 1 1627
0 190 190 0 3920 -0.947263 0.231264 0.190037 0.0106027 -0.136362 -0.0158207 1 1631
0 190 189 0 3920 -0.907667 0.214561 0.118477 0.0095979 -0.136452 -0.0161874 1 1635
0 190 191 0 3920 -0.954164 0.206007 -0.0268478 0.0105839 -0.134873 -0.0176586 1 1639
0 190 189 0 3920 -0.912817 0.213301 -0.0219936 0.0118057 -0.135608 -0.0179186 1 1645
0 190 189 0 3920 -0.875978 0.202604 0.101175 0.0112309 -0.136012 -0.0159668 1 1649
0 190 190 0 3920 -0.95204 0.202242 0.181427 0.0127014 -0.136082 -0.0161214 1 1653
0 190 190 0 3920 -0.904428 0.272249 0.0970612 0.0118428 -0.135237 -0.0168978 1 1657
0 190 190 0 3920 -0.897954 0.227043 0.0159664 0.0120453 -0.134444 -0.0172481 1 1661
0 190 189 0 3920 -0.808537 0.22497 0.061285 0.012165 -0.135592 -0.0177951 1 1665
0 190 188 0 3920 -0.874077 0.252371 0.00920868 0.0110281 -0.135897 -0.0177139 1 1669
0 190 188 0 3920 -0.911771 0.279305 -0.0408421 0.0111157 -0.136644 -0.0170604 1 1673
0 190 188 0 3920 -0.864319 0.237762 0.0398846 0.0106415 -0.136161 -0.0170557 1 1677
0 190 188 0 3920 -0.87766 0.248009 0.0976639 0.0113019 -0.135902 -0.016368 1 1681
0 190 189 0 3920 -0.905921 0.226793 0.0384083 0.00948775 -0.135488 -0.017645 1 1685
0 190 189 0 3920 -0.950013 0.207325 -0.136555 0.010229 -0.135923 -0.0180926 1 1689
0 190 189 0 3920 -0.919432 0.224571 0.0537148 0.011587 -0.135172 -0.0168363 1 1694
0 190 189 0 3920 -0.840198 0.215893 -0.078928 0.011187 -0.135726 -0.0189509 1 1698
0 190 190 0 3920 -0.883944 0.253954 0.035162 0.0114644 -0.135069 -0.0183336 1 1702
0 190 190 0 3920 -0.86115 0.310976 0.118279 0.0132328 -0.136392 -0.0159461 1 1706
0 190 190 0 3920 -0.883457 0.253824 0.0477314 0.0111344 -0.135447 -0.0164913 1 1710
0 190 190 0 3920 -0.916384 0.24176 0.0237904 0.0107044 -0.135989 -0.0174363 1 1714
0 190 189 0 3920 -0.88166 0.246719 -0.0426903 0.00935662 -0.135355 -0.0181739 1 1718
0 190 190 0 3920 -0.876547 0.28277 0.0123558 0.0108333 -0.135911 -0.0168575 1 1722
0 190 190 0 3920 -0.888799 0.224043 0.071312 0.0113096 -0.13608 -0.0168638 1 1726
0 190 190 0 3920 -0.976919 0.235294 0.0142021 0.0106131 -0.13517 -0.0164909 1 1730
0 190 189 0 3920 -0.919441 0.196226 -0.00541306 0.0094651 -0.13517 -0.0172072 1 1734
0 190 190 0 3920 -0.915397 0.241623 0.0515289 0.0102857 -0.135531 -0.0168636 1 1738
0 190 189 0 3920 -0.904243 0.220678 0.0138969 0.0110105 -0.135808 -0.0171614 1 1742
0 190 188 0 3920 -0.980636 0.24094 0.00824547 0.0112189 -0.135103 -0.0168346 1 1746
0 190 189 0 3920 -0.950569 0.169739 -0.0118675 0.00976849 -0.134905 -0.0167295 1 1750
0 190 189 0 3920 -0.912188 0.237181 0.019289 0.0108538 -0.134713 -0.0170424 1 1754
0 190 190 0 3920 -0.904964 0.22621 -0.0249672 0.0112588 -0.135764 -0.0175126 1 1758
0 190 189 0 3920 -1.00038 0.242939 -0.00382423 0.0102509 -0.135581 -0.0170591 1 1762
0 190 189 0 3920 -0.917603 0.190924 -0.0142517 0.0101432 -0.13474 -0.0167301 1 1766
0 190 190 0 3920 -0.88846 0.238226 0.0347252 0.0108023 -0.135109 -0.0173614 1 1770
0 190 189 0 3920 -0.921264 0.217878 0.0571365 0.011324 -0.135327 -0.0170764 1 1774
0 190 191 0 3920 -1.01408 0.243998 0.00788307 0.0104132 -0.135531 -0.0168937 1 1778
0 190 189 0 3920 -0.937222 0.202574 -0.0574322 0.00956321 -0.135117 -0.0169924 1 1782
0 190 191 0 3920 -0.935122 0.236223 -0.0101585 0.010399 -0.1348 -0.0173461 1 1786
0 190 190 0 3920 -0.905492 0.213017 0.0176563 0.0112048 -0.136022 -0.0171624 1 1790
0 190 190 0 3920 -0.995718 0.252134 0.036232 0.0117698 -0.135157 -0.0168915 1 1794
0 190 189 0 3920 -0.932861 0.17835 -0.0579758 0.00950205 -0.135351 -0.0163916 1 1798
0 190 190 0 3920 -0.92808 0.217039 -0.0353069 0.0100831 -0.134637 -0.0171539 1 1802
0 190 189 0 3920 -0.921238 0.226774 0.00924492 0.0108202 -0.136233 -0.0170159 1 1806
0 190 189 0 3920 -0.969301 0.240696 0.00733185 0.0115595 -0.134921 -0.0171145 1 1810
0 190 190 0 3920 -0.926259 0.19154 0.015934 0.0106517 -0.1351 -0.0165879 1 1814
0 190 189 0 3920 -0.930962 0.242151 0.0716209 0.0111517 -0.133934 -0.0170873 1 1818
0 190 190 0 3920 -0.925692 0.212429 0.00801086 0.0115281 -0.135483 -0.0177192 1 1822
0 190 190 0 3920 -0.985638 0.253601 0.0206203 0.0108812 -0.134963 -0.0172472 1 1826
0 190 189 0 3920 -0.942612 0.196442 -0.0211887 0.0104223 -0.134741 -0.0161861 1 1830
0 190 190 0 3920 -0.936213 0.212385 0.0441532 0.0109073 -0.13334 -0.017227 1 1834
0 190 191 0 3920 -0.912669 0.197462 0.0518684 0.0108476 -0.135265 -0.0174573 1 1838
0 190 189 0 3920 -0.982151 0.250704 0.0492363 0.0116069 -0.134147 -0.0170281 1 1842
0 190 191 0 3920 -0.957556 0.202131 -0.0282955 0.0104351 -0.134586 -0.0164488 1 1846
0 190 190 0 3920 -0.934165 0.185947 0.0593758 0.0101467 -0.133422 -0.0174148 1 1850
0 190 189 0 3920 -0.913097 0.229849 -0.00656891 0.0108666 -0.135761 -0.0174068 1 1854
0 190 190 0 3920 -0.958623 0.253416 0.0402203 0.0112956 -0.135049 -0.016501 1 1858
0 190 190 0 3920 -0.919811 0.19874 -0.0519161 0.00998032 -0.135034 -0.0172299 1 1862
0 190 190 0 3920 -0.959157 0.238558 -0.0261688 0.0105089 -0.133367 -0.0172531 1 1866
0 190 189 0 3920 -0.906338 0.239532 0.00369644 0.0114298 -0.13513 -0.0172816 1 1870
0 190 188 0 3920 -0.978473 0.280169 0.0925446 0.0108303 -0.134931 -0.0162638 1 1874
0 190 189 0 3920 -0.939302 0.18021 -0.0842438 0.0095818 -0.13404 -0.0172049 1 1878
0 190 188 0 3920 -0.920458 0.243063 -0.0670433 0.0101124 -0.133913 -0.0178393 1 1882
0 190 189 0 3920 -0.865391 0.248682 0.0425434 0.011575 -0.13488 -0.0169574 1 1886
0 190 189 0 3920 -0.932243 0.280609 0.111498 0.0115035 -0.13447 -0.0165834 1 1890
0 190 190 0 3920 -0.930729 0.199823 -0.11837 0.00967872 -0.134307 -0.0172653 1 1894
0 190 189 0 3920 -0.932968 0.232872 -0.127781 0.010111 -0.134414 -0.0184784 1 1898
0 190 190 0 3920 -0.880536 0.26091 0.00951576 0.0108597 -0.135372 -0.0167919 1 1902
0 190 190 0 3920 -0.928062 0.273684 0.0745544 0.0107108 -0.135027 -0.0162284 1 1906
0 190 190 0 3920 -0.877869 0.256845 -0.135672 0.00939047 -0.134222 -0.0183875 1 1910
0 190 190 0 3920 -0.884863 0.284426 -0.0556278 0.0113714 -0.135027 -0.017846 1 1914
0 190 190 0 3920 -0.839916 0.255571 0.0930252 0.0114025 -0.134166 -0.0162598 1 1918
0 190 191 0 3920 -0.868677 0.244289 0.0707874 0.0111895 -0.13397 -0.0171661 1 1922
0 190 188 0 3920 -0.883141 0.253408 -0.0926056 0.011142 -0.13395 -0.0184855 1 1926
0 190 189 0 3920 -0.87146 0.290586 0.0323181 0.0124104 -0.134132 -0.0170354 1 1931
0 190 188 0 3920 -0.944481 0.23946 -0.114449 0.0109915 -0.134054 -0.0178994 1 1935
0 190 189 0 3920 -0.928143 0.175097 0.0184231 0.00962329 -0.134359 -0.0160148 1 1939
0 190 191 0 3920 -0.879661 0.224072 -0.0425034 0.0104543 -0.134961 -0.0169185 1 1943
0 190 189 0 3920 -0.912632 0.223366 -0.0510006 0.0108911 -0.134738 -0.0175585 1 1947
0 190 191 0 3920 -0.868098 0.243057 0.0619164 0.00950861 -0.135204 -0.0173444 1 1951
0 190 189 0 3920 -0.849757 0.234392 -0.00848961 0.0110257 -0.133919 -0.0177822 1 1955
0 190 190 0 3920 -0.867407 0.263828 -0.00370407 0.0114546 -0.134933 -0.0181537 1 1959
0 190 190 0 3920 -0.868725 0.264822 0.103905 0.012446 -0.133696 -0.0164348 1 1963
0 190 190 0 3920 -0.886538 0.219782 -0.0178013 0.0104154 -0.134282 -0.017891 1 1967
0 190 190 0 3920 -0.893806 0.267418 -0.0590115 0.0120307 -0.133502 -0.018459 1 1971
0 190 190 0 3920 -0.969925 0.205563 -0.0740356 0.0100306 -0.132863 -0.0175497 1 1976
0 190 190 0 3920 -0.946533 0.202112 -0.0870953 0.0106922 -0.133941 -0.0178203 1 1980
0 190 188 0 3920 -0.873717 0.216778 -0.0888119 0.011829 -0.133691 -0.0186806 1 1985
0 190 189 0 3920 -0.935763 0.215324 0.100508 0.0122768 -0.133499 -0.0170936 1 1989
0 190 189 0 3920 -0.962282 0.206034 -0.0831223 0.0112628 -0.133813 -0.0179304 1 1994
0 190 190 0 3920 -0.858482 0.232008 0.151405 0.00978637 -0.134616 -0.0166997 1 1998
0 190 190 0 3920 -0.840391 0.237883 0.0441608 0.0113633 -0.134046 -0.0176847 1 2002
0 190 189 0 3920 -0.872975 0.262871 -0.0807343 0.0111991 -0.135385 -0.0184848 1 2006
0 190 189 0 3920 -0.873767 0.247299 -0.00934601 0.0110765 -0.133598 -0.0170324 1 2010
0 190 188 0 3920 -0.881382 0.217316 0.0521545 0.0109655 -0.133883 -0.0175888 1 2014
0 190 189 0 3920 -0.861428 0.306036 0.0101032 0.0130298 -0.133132 -0.0181979 1 2018
0 190 190 0 3920 -0.89979 0.214817 0.105345 0.0124973 -0.132357 -0.0170048 1 2022
0 190 190 0 3920 -0.918579 0.23242 0.0224113 0.011708 -0.132431 -0.0175239 1 2026
0 190 190 0 3920 -0.933939 0.249193 0.0120735 0.0104924 -0.133803 -0.0173194 1 2031
0 190 188 0 3920 -0.898712 0.221823 -0.122738 0.00972879 -0.132726 -0.018225 1 2035
0 190 189 0 3920 -0.93172 0.222818 -0.00402641 0.0112559 -0.132149 -0.0178331 1 2040
0 190 190 0 3920 -0.949009 0.214937 -0.0976143 0.0124863 -0.131627 -0.0182091 1 2044
0 190 191 0 3920 -0.879017 0.278002 -0.0903263 0.0120475 -0.133213 -0.0193492 1 2049
0 190 190 0 3920 -0.907482 0.232782 0.0169697 0.0127219 -0.132474 -0.0181496 1 2053
0 190 189 0 3920 -0.877425 0.220444 -0.0728836 0.0106691 -0.133848 -0.0174715 1 2058
0 190 188 0 3920 -0.870716 0.221645 0.00248718 0.0105258 -0.133221 -0.0178068 1 2062
0 190 189 0 3920 -0.918851 0.197872 -0.0466099 0.0121815 -0.133693 -0.0167708 1 2067
0 190 189 0 3920 -0.945227 0.180481 -0.0340595 0.0102503 -0.132706 -0.0181135 1 2071
0 190 190 0 3920 -0.918579 0.206652 -0.0879421 0.0115925 -0.133081 -0.0177604 1 2076
0 190 190 0 3920 -0.908462 0.274252 0.0228729 0.0120616 -0.13322 -0.0179774 1 2080
0 190 190 0 3920 -0.870422 0.278555 -0.136766 0.0107206 -0.134379 -0.0176493 1 2085
0 190 190 0 3920 -0.849206 0.265638 0.116184 0.0110866 -0.133253 -0.016646 1 2089
0 190 189 0 3920 -0.946543 0.194128 -0.0337143 0.0103784 -0.132824 -0.016057 1 2094
0 190 190 0 3920 -0.873125 0.217133 -0.0216255 0.0106484 -0.134423 -0.0169416 1 2098
0 190 189 0 3920 -0.927807 0.233063 -0.0946751 0.0111885 -0.133751 -0.0174362 1 2102
0 190 189 0 3920 -0.89127 0.240932 0.0345726 0.00986481 -0.134322 -0.0175266 1 2106
0 190 189 0 3920 -0.856781 0.261679 -0.0654926 0.0115991 -0.133582 -0.0190116 1 2110
0 190 190 0 3920 -0.86144 0.277252 0.0395622 0.0112306 -0.133781 -0.0179618 1 2114
0 190 189 0 3920 -0.85795 0.2549 0.0879784 0.0122271 -0.133081 -0.0163997 1 2118
0 190 190 0 3920 -0.905698 0.207205 -0.0652828 0.0120741 -0.132572 -0.0184158 1 2122
0 190 190 0 3920 -0.919584 0.272757 -0.0420589 0.0128421 -0.132495 -0.0179608 1 2126
0 190 190 0 3920 -0.885517 0.193499 0.184027 0.0122317 -0.131182 -0.0168071 1 2130
0 190 190 0 3920 -0.932088 0.203493 0.000606537 0.0117261 -0.132478 -0.0174586 1 2134
0 190 190 0 3920 -0.9919 0.251577 -0.0452023 0.0120078 -0.13219 -0.0175328 1 2138
0 190 189 0 3920 -0.95114 0.202072 -0.0790215 0.00993168 -0.13226 -0.0168684 1 2142
0 190 189 0 3920 -0.926517 0.243586 -0.057003 0.0106962 -0.132972 -0.0173957 1 2146
0 190 190 0 3920 -0.874576 0.264656 0.00505638 0.01124 -0.133417 -0.0167829 1 2151
0 190 189 0 3920 -0.897893 0.215696 0.0359821 0.0116622 -0.132247 -0.0163017 1 2155
0 190 190 0 3920 -0.916703 0.206015 -0.00157547 0.0107433 -0.13217 -0.0172304 1 2161
0 190 189 0 3920 -0.933024 0.233511 -0.1106 0.0110474 -0.132152 -0.0180653 1 2165
0 190 189 0 3920 -0.837565 0.21837 -0.0893593 0.0122048 -0.132762 -0.0186849 1 2170
0 190 189 0 3920 -0.934483 0.210583 0.0316124 0.0133097 -0.132553 -0.0170221 1 2175
0 190 189 0 3920 -0.914064 0.236467 0.0350246 0.0114517 -0.133104 -0.0172935 1 2181
0 190 189 0 3920 -0.836179 0.214909 -0.0997925 0.0114406 -0.132456 -0.0182765 1 2186
0 190 189 0 3920 -0.903252 0.240984 -0.190016 0.011223 -0.133328 -0.0177947 1 2191
0 190 189 0 3920 -0.921848 0.225237 -0.0110226 0.0114775 -0.132087 -0.017911 1 2196
0 190 189 0 3920 -0.795361 0.255144 0.0122337 0.0113429 -0.132902 -0.0180332 1 2201
0 190 190 0 3920 -0.860601 0.238867 -0.0578518 0.0106504 -0.133469 -0.0171843 1 2205
0 190 191 0 3920 -0.894985 0.246098 -0.0259609 0.0113298 -0.132711 -0.0173223 1 2211
0 190 189 0 3920 -0.87373 0.210859 -0.100471 0.0112641 -0.132055 -0.0182326 1 2215
0 190 189 0 3920 -0.916025 0.215448 -0.0732079 0.0119733 -0.132276 -0.0177856 1 2221
0 190 188 0 3920 -0.855784 0.263311 0.0876331 0.0123143 -0.132406 -0.016917 1 2226
0 190 189 0 3920 -0.876659 0.267248 0.0766659 0.0104127 -0.132739 -0.0165237 1 2231
0 190 189 0 3920 -0.935281 0.198298 0.0236759 0.0121692 -0.131655 -0.0164068 1 2236
0 190 188 0 3920 -0.887094 0.22254 0.0135555 0.0121145 -0.131563 -0.0173505 1 2241
0 190 189 0 3920 -0.918962 0.249466 -0.0245552 0.0108013 -0.131927 -0.0176156 1 2245
0 190 189 0 3920 -0.903067 0.23995 0.0986252 0.0127577 -0.132143 -0.0164938 1 2251
0 190 190 0 3920 -0.837868 0.28068 0.0815258 0.0121852 -0.132139 -0.0163228 1 2256
0 190 190 0 3920 -0.877672 0.216814 -0.145119 0.0119802 -0.131539 -0.018569 1 2261
0 190 190 0 3920 -0.952513 0.228573 0.00359154 0.0130355 -0.131306 -0.0165272 1 2266
0 190 190 0 3920 -0.909987 0.221149 -0.0490131 0.0108794 -0.132293 -0.0174071 1 2271
0 190 189 0 3920 -0.91733 0.292984 0.0242825 0.0110226 -0.132929 -0.0161684 1 2276
0 190 190 0 3920 -0.898069 0.232428 0.11726 0.0131613 -0.132608 -0.0164286 1 2281
0 190 189 0 3920 -0.885495 0.238741 0.0711479 0.0119164 -0.131359 -0.016837 1 2285
0 190 190 0 3920 -0.910878 0.243153 -0.0199623 0.0105783 -0.131487 -0.017281 1 2291
0 190 190 0 3920 -0.936468 0.203741 -0.00671959 0.0126586 -0.131968 -0.0171824 1 2296
0 190 189 0 3920 -0.852633 0.258268 0.02915 0.0120646 -0.132041 -0.0169131 1 2301
0 190 191 0 3920 -0.930655 0.257921 0.0765858 0.0108864 -0.132023 -0.0164139 1 2305
0 190 190 0 3920 -0.860652 0.252949 -0.189318 0.0111579 -0.132507 -0.018689 1 2311
0 190 188 0 3920 -0.878342 0.254423 0.0068779 0.0122007 -0.131312 -0.0168655 1 2315
0 190 189 0 3920 -0.872372 0.237082 -0.00930786 0.0126289 -0.131205 -0.0176638 1 2319
0 190 189 0 3920 -0.91435 0.254465 0.0224838 0.0118006 -0.13129 -0.0169916 1 2323
0 190 190 0 3920 -0.928173 0.223392 -0.0902634 0.0108722 -0.130669 -0.0177265 1 2328
0 190 190 0 3920 -0.902578 0.261366 -0.0655308 0.012905 -0.130512 -0.0171781 1 2332
0 190 190 0 3920 -0.887674 0.204138 -0.110802 0.0107764 -0.131045 -0.0176202 1 2336
0 190 190 0 3920 -0.893866 0.214693 -0.0273247 0.0113584 -0.131813 -0.0170814 1 2341
0 190 190 0 3920 -0.921671 0.222532 -0.0251598 0.0121725 -0.130633 -0.0177496 1 2345
0 190 189 0 3920 -0.967263 0.221712 -0.102194 0.0120224 -0.130477 -0.0179276 1 2349
0 190 189 0 3920 -0.92671 0.230131 0.0730515 0.0110438 -0.131973 -0.0161753 1 2353
0 190 189 0 3920 -0.913215 0.241766 -0.0536633 0.0102545 -0.131197 -0.0171081 1 2357
0 190 190 0 3920 -0.895594 0.228178 -0.152124 0.0104519 -0.13238 -0.0178671 1 2361
0 190 189 0 3920 -0.895075 0.250565 -0.020359 0.0106469 -0.131751 -0.0177815 1 2365
0 190 190 0 3920 -0.847605 0.286703 -0.036705 0.0104085 -0.131112 -0.0177857 1 2369
0 190 190 0 3920 -0.846762 0.293402 0.0863762 0.0123476 -0.131119 -0.0168562 1 2373
0 190 191 0 3920 -0.93581 0.224386 -0.156729 0.0121157 -0.129991 -0.0186129 1 2378
0 190 190 0 3920 -0.851875 0.279173 -0.0641632 0.0121535 -0.131419 -0.0187116 1 2382
0 190 191 0 3920 -0.882244 0.221701 -0.00550842 0.0119241 -0.130771 -0.0176935 1 2386
0 190 190 0 3920 -0.87927 0.253281 -0.0363731 0.0111954 -0.131742 -0.0171772 1 2391
0 190 190 0 3920 -0.850053 0.233118 -0.105825 0.0110106 -0.130907 -0.0186465 1 2396
0 190 189 0 3920 -0.874214 0.237974 0.124525 0.0122901 -0.130732 -0.0170331 1 2401
0 190 189 0 3920 -0.895904 0.240149 -0.0122261 0.011465 -0.131277 -0.017501 1 2405
0 190 189 0 3920 -1.00156 0.24675 -0.114706 0.0104542 -0.130931 -0.0178215 1 2409
0 190 190 0 3920 -0.908646 0.222891 -0.117479 0.009547 -0.131046 -0.0173241 1 2414
0 190 189 0 3920 -0.962651 0.207216 -0.128109 0.0107062 -0.130256 -0.0182116 1 2418
0 190 190 0 3920 -0.919266 0.229507 -0.102297 0.0116843 -0.131277 -0.0180138 1 2422
0 190 190 0 3920 -0.890985 0.204088 0.0364437 0.0104108 -0.131171 -0.0159323 1 2427
0 190 190 0 3920 -0.907479 0.208225 0.0564137 0.0118936 -0.128954 -0.0170817 1 2431
0 190 191 0 3920 -0.893204 0.250349 0.000576019 0.0112897 -0.13188 -0.0172481 1 2435
0 190 190 0 3920 -0.884099 0.2798 0.0115719 0.010684 -0.131871 -0.0167472 1 2439
0 190 188 0 3920 -0.856642 0.266893 -0.1374 0.0109324 -0.130668 -0.0190084 1 2444
0 190 189 0 3920 -0.929807 0.203264 -0.149273 0.0106784 -0.131725 -0.01877 1 2448
0 190 190 0 3920 -0.876401 0.257242 -0.0901833 0.00947809 -0.132107 -0.017551 1 2453
0 190 189 0 3920 -0.925107 0.224609 -0.064846 0.0104988 -0.131561 -0.0168857 1 2457
0 190 188 0 3920 -0.938371 0.22451 -0.178598 0.00996315 -0.130655 -0.0179832 1 2462
0 190 190 0 3920 -0.945274 0.227091 -0.18293 0.0129298 -0.129323 -0.0182045 1 2466
0 190 189 0 3920 -0.918156 0.206305 -0.0734501 0.0112895 -0.130515 -0.0167277 1 2470
0 190 189 0 3920 -0.877257 0.23834 -0.0388012 0.0110875 -0.13191 -0.0171557 1 2474
0 190 190 0 3920 -0.880079 0.216234 -0.0597591 0.0117787 -0.131606 -0.0175306 1 2478
0 190 188 0 3920 -0.874693 0.245171 -0.0574894 0.0109437 -0.131921 -0.0180773 1 2482
0 190 188 0 3920 -0.896919 0.284105 -0.0941696 0.012581 -0.130226 -0.0186381 1 2486
0 190 189 0 3920 -0.902384 0.217916 0.12681 0.0121707 -0.128912 -0.0170869 1 2490
0 190 189 0 3920 -0.918243 0.238012 -0.0279961 0.0114319 -0.130511 -0.0175399 1 2494
0 190 189 0 3920 -0.915824 0.26564 -0.0186882 0.0110285 -0.130963 -0.0171722 1 2498
0 190 191 0 3920 -0.85096 0.254848 -0.104811 0.0102108 -0.129895 -0.01859 1 2502
0 190 189 0 3920 -0.837912 0.284414 0.0719833 0.012417 -0.13032 -0.0170699 1 2506
0 190 190 0 3920 -0.90114 0.231247 -0.0222683 0.0126853 -0.129562 -0.0175001 1 2511
0 190 190 0 3920 -0.840641 0.28927 -0.074379 0.0121534 -0.130738 -0.0182969 1 2515
0 190 190 0 3920 -0.857435 0.247753 0.0594387 0.0118178 -0.130539 -0.0169226 1 2519
0 190 190 0 3920 -0.907236 0.230865 -0.0889912 0.0116169 -0.130511 -0.017882 1 2523
0 190 190 0 3920 -0.958576 0.250904 -0.110464 0.0112383 -0.130276 -0.0174306 1 2527
0 190 190 0 3920 -0.913231 0.258045 -0.0906715 0.0119925 -0.130092 -0.0179286 1 2532
0 190 190 0 3920 -0.927732 0.229418 -0.0553761 0.0116613 -0.129714 -0.0176832 1 2536
0 190 191 0 3920 -0.911449 0.222567 -0.0344067 0.0116003 -0.130283 -0.0175941 1 2540
0 190 190 0 3920 -0.919884 0.20532 0.0256729 0.010438 -0.130684 -0.0162344 1 2544
0 190 191 0 3920 -0.888077 0.243887 -0.246046 0.010343 -0.131472 -0.0182143 1 2548
0 190 191 0 3920 -0.871651 0.249886 -0.0416622 0.0123328 -0.130186 -0.0175823 1 2553
0 190 188 0 3920 -0.899954 0.257479 -0.0958099 0.0108025 -0.131321 -0.0181641 1 2557
0 190 190 0 3920 -0.895816 0.238813 -0.0256653 0.0117528 -0.130715 -0.0166389 1 2562
0 190 191 0 3920 -0.945134 0.226946 -0.189676 0.0108315 -0.130773 -0.018353 1 2566
0 190 189 0 3920 -0.853788 0.230658 0.00503159 0.00994778 -0.131016 -0.0174301 1 2570
0 190 189 0 3920 -0.854025 0.315376 -0.0218716 0.0126317 -0.130673 -0.0183671 1 2574
0 190 188 0 3920 -0.906136 0.206423 0.0840302 0.0113126 -0.129817 -0.0169294 1 2579
0 190 189 0 3920 -0.862076 0.261747 0.00645065 0.0120301 -0.129606 -0.0168969 1 2583
0 190 189 0 3920 -0.857708 0.226831 -0.114412 0.012612 -0.130146 -0.0181335 1 2587
0 190 188 0 3919 -0.832858 0.275038 -0.0716782 0.0112669 -0.130997 -0.0181761 1 2593
0 190 189 0 3920 -0.886541 0.253946 -0.0290031 0.0108534 -0.130723 -0.0171229 1 2597
0 190 190 0 3920 -0.92047 0.195219 -0.02635 0.0109242 -0.12986 -0.0170428 1 2602
0 190 189 0 3920 -0.824476 0.277029 -0.125473 0.0114545 -0.131496 -0.0180213 1 2606
0 190 190 0 3920 -0.862238 0.278103 0.0508804 0.0128506 -0.129616 -0.0172281 1 2611
0 190 190 0 3920 -0.897559 0.301912 0.0402832 0.0106375 -0.130663 -0.0169541 1 2616
0 190 190 0 3920 -0.915351 0.198751 -0.0512753 0.0112642 -0.129914 -0.017103 1 2620
0 190 189 0 3920 -0.908494 0.214939 -0.0751305 0.0108346 -0.129964 -0.0176439 1 2624
0 190 190 0 3920 -0.870586 0.249069 0.0139866 0.0113989 -0.130886 -0.0177957 1 2629
0 190 190 0 3920 -0.805794 0.27862 -0.0814781 0.00993419 -0.129838 -0.0176178 1 2633
0 190 189 0 3920 -0.850042 0.319572 -0.067976 0.0122831 -0.131315 -0.0173276 1 2637
0 190 190 0 3920 -0.859706 0.25815 0.0054512 0.0105382 -0.131656 -0.0173654 1 2643
0 190 189 0 3920 -0.884478 0.219242 0.0296078 0.0111113 -0.13027 -0.0164182 1 2647
0 190 190 0 3920 -0.86697 0.258091 -0.0228386 0.011004 -0.128994 -0.0177176 1 2653
0 190 189 0 3920 -0.881695 0.207249 -0.119934 0.010437 -0.129907 -0.017914 1 2657
0 190 191 0 3920 -0.862679 0.271963 -0.181068 0.0102644 -0.129623 -0.0191234 1 2663
0 190 189 0 3920 -0.924376 0.250338 -0.138464 0.0103132 -0.130201 -0.0180488 1 2667
0 190 189 0 3920 -0.944712 0.254959 -0.0216084 0.01169 -0.12973 -0.0168793 1 2672
0 190 189 0 3920 -0.883838 0.23897 -0.0711498 0.0100015 -0.130247 -0.0170832 1 2677
0 190 189 0 3920 -0.872594 0.239544 -0.0421543 0.0114797 -0.129713 -0.0176158 1 2683
0 190 190 0 3920 -0.938545 0.248928 -0.0602703 0.0106778 -0.129801 -0.017373 1 2688
0 190 190 0 3920 -0.891994 0.243464 -0.0564766 0.0121695 -0.129999 -0.0169934 1 2693
0 190 190 0 3920 -0.888382 0.256989 -0.0108833 0.0115849 -0.130112 -0.0172391 1 2698
0 190 188 0 3920 -0.821121 0.209738 -0.107058 0.011991 -0.128667 -0.0189949 1 2703
0 190 189 0 3920 -0.851711 0.260014 -0.204342 0.0112365 -0.131068 -0.0188809 1 2708
0 190 188 0 3920 -0.930988 0.218924 -0.210468 0.0105164 -0.130332 -0.0183419 1 2713
0 190 189 0 3920 -0.914539 0.20418 -0.0484333 0.0109602 -0.129076 -0.016317 1 2717
0 190 190 0 3920 -0.867672 0.245857 0.0810738 0.0125597 -0.128657 -0.016924 1 2722
0 190 189 0 3920 -0.896005 0.240385 -0.0875435 0.0111779 -0.129712 -0.0180833 1 2726
0 190 188 0 3920 -0.820112 0.24354 -0.0512905 0.0118247 -0.129723 -0.0175177 1 2731
0 190 189 0 3920 -0.923018 0.243624 -0.0219421 0.0126849 -0.130722 -0.0172843 1 2735
0 190 190 0 3920 -0.979087 0.205641 -0.237474 0.0105604 -0.129086 -0.018798 1 2739
0 190 190 0 3920 -0.838398 0.261703 0.00102425 0.0107263 -0.13059 -0.0173827 1 2743
0 190 188 0 3920 -0.861551 0.304472 -0.0411739 0.0130603 -0.129628 -0.0182216 1 2748
0 190 190 0 3920 -0.82711 0.28775 -0.0348911 0.0121496 -0.129676 -0.0171977 1 2753
0 190 190 0 3920 -0.880587 0.26181 -0.0736904 0.0095855 -0.130556 -0.0176591 1 2758
0 190 190 0 3920 -0.897856 0.215687 -0.137674 0.0102645 -0.129363 -0.0177527 1 2763
0 190 189 0 3920 -0.902204 0.257736 -0.0688152 0.0109509 -0.129227 -0.0181598 1 2768
0 190 190 0 3920 -0.875279 0.223911 -0.0689602 0.0114108 -0.129401 -0.0173332 1 2773
0 190 189 0 3920 -0.838768 0.285294 -0.0400219 0.0110618 -0.129785 -0.0182057 1 2778
0 190 189 0 3920 -0.910653 0.244841 -0.179661 0.0107952 -0.129495 -0.0181901 1 2783
0 190 190 0 3920 -0.955814 0.276846 -0.0983353 0.0108566 -0.12914 -0.0173337 1 2788
0 190 190 0 3920 -0.905137 0.237013 -0.0881691 0.0112814 -0.129534 -0.0171418 1 2793
0 190 190 0 3920 -0.908142 0.227943 -0.00275612 0.011885 -0.128803 -0.0176812 1 2798
0 190 188 0 3920 -0.775664 0.244312 -0.0407352 0.0120302 -0.12907 -0.0185704 1 2803
0 190 189 0 3920 -0.870789 0.274757 -0.133789 0.0110068 -0.129815 -0.0185771 1 2808
0 190 189 0 3920 -0.872734 0.257013 -0.0949421 0.0107853 -0.129422 -0.0179134 1 2813
0 190 190 0 3920 -0.897615 0.204611 -0.0619373 0.0103713 -0.130134 -0.0170132 1 2818
0 190 190 0 3920 -0.891322 0.233189 -0.00481415 0.0110335 -0.128101 -0.0170314 1 2823
0 190 190 0 3920 -0.896787 0.243422 -0.0433636 0.0133383 -0.127899 -0.0175658 1 2827
0 190 190 0 3920 -0.880448 0.221975 -0.0440559 0.0108813 -0.12977 -0.0164199 1 2831
0 190 189 0 3920 -0.869327 0.272745 -0.296906 0.0102069 -0.130381 -0.0189549 1 2836
0 190 189 0 3920 -0.884504 0.262848 -0.115078 0.0126153 -0.127373 -0.0177421 1 2841
0 190 190 0 3920 -0.870481 0.244244 -0.0595913 0.0112765 -0.129072 -0.0167937 1 2846
0 190 189 0 3920 -0.898855 0.225124 0.0503674 0.0114038 -0.127616 -0.0172839 1 2851
0 190 189 0 3920 -0.898655 0.232948 -0.145704 0.0119849 -0.127213 -0.0179612 1 2856
0 190 189 0 3920 -0.888041 0.220098 -0.0434189 0.00991631 -0.128818 -0.016493 1 2861
0 190 190 0 3920 -0.877155 0.296755 -0.118889 0.011853 -0.129972 -0.0178192 1 2865
0 190 190 0 3920 -0.904182 0.260258 -0.12145 0.0124255 -0.127394 -0.0183569 1 2870
0 190 190 0 3920 -0.837974 0.279869 -0.126001 0.0115435 -0.129166 -0.0191148 1 2875
0 190 190 0 3920 -0.876265 0.279202 -0.0858688 0.0119096 -0.129554 -0.0174984 1 2880
0 190 190 0 3920 -0.845669 0.246618 -0.0254154 0.010341 -0.129682 -0.017474 1 2885
0 190 191 0 3920 -0.927139 0.217476 -0.0951481 0.00981319 -0.128452 -0.0171143 1 2890
0 190 189 0 3920 -0.935069 0.205605 -0.128017 0.0111352 -0.127783 -0.0184606 1 2895
0 190 189 0 3920 -0.906016 0.239079 -0.15992 0.0114577 -0.129004 -0.0183979 1 2900
0 190 189 0 3920 -0.855707 0.274899 0.00804901 0.0126709 -0.128814 -0.0180496 1 2905
0 190 190 0 3920 -0.828612 0.257572 0.00750923 0.0117611 -0.128939 -0.0170462 1 2910
0 190 189 0 3920 -0.889939 0.25754 -0.053894 0.0109779 -0.128608 -0.0180735 1 2915
0 190 190 0 3920 -0.857471 0.242098 -0.242956 0.0106262 -0.129699 -0.0184159 1 2920
0 190 190 0 3920 -0.931513 0.210054 -0.187834 0.0111222 -0.12919 -0.0188147 1 2925
0 190 190 0 3920 -0.863002 0.214178 -0.0531578 0.0108118 -0.128692 -0.0165902 1 2930
0 190 190 0 3920 -0.896733 0.237246 0.0735664 0.0118139 -0.127657 -0.0168354 1 2934
0 190 189 0 3920 -0.892052 0.222586 -0.104412 0.0105588 -0.129342 -0.0176369 1 2938
0 190 188 0 3920 -0.869896 0.243238 -0.156796 0.0108588 -0.128895 -0.0182735 1 2943
0 190 190 0 3920 -0.861037 0.293121 -0.184137 0.0108151 -0.130047 -0.0183265 1 2947
0 190 189 0 3920 -0.873034 0.261198 -0.102285 0.0115997 -0.127717 -0.0178407 1 2952
0 190 188 0 3920 -0.827719 0.25379 -0.114882 0.0117041 -0.128993 -0.0191654 1 2956
