stoptorque goal_current current velocity position Fx Fy Fz Mx My Mz counterclock Time
0 40 39 0 3945 0.00655651 0.0137405 0.05583 -0.000151873 0.000893302 0.000195205 1 4
0 40 39 0 3945 -0.0132256 0.022377 0.090662 -0.00111067 0.000978217 -0.000237927 1 9
0 40 39 0 3945 0.0591431 0.0298386 0.0544853 -0.000143528 0.000994012 0.000480056 1 13
0 40 40 0 3945 0.0196886 -0.0238895 0.117487 -0.000256658 0.00120163 -6.0901e-05 1 18
0 40 40 0 3945 0.0334387 0.0203667 0.0503407 -0.000203609 0.000279397 -0.000265941 1 23
0 40 40 0 3945 0.0123816 0.00704002 0.111353 -0.000741839 0.00146459 -0.000207186 1 27
0 40 39 0 3945 0.0467072 -0.00905609 0.0821705 0.000427008 0.00107732 -0.000386477 1 31
0 40 40 0 3945 -0.0258999 -0.0104332 0.029377 -0.00048089 0.00119365 -0.000150993 1 35
0 40 40 0 3945 -0.02145 0.00748825 0.0726528 -0.000710964 0.00169183 -0.000135556 1 39
0 40 40 0 3945 0.0403242 -0.0461311 0.106417 -0.000710964 0.000617698 0.00024347 1 44
0 40 39 0 3945 0.0161467 0.0312042 0.0766697 -0.000474095 0.000757493 -0.000713617 1 49
0 40 40 0 3945 0.0154524 -0.00335121 0.0552635 -0.00100148 0.000624232 -0.000580505 1 54
0 40 40 0 3945 0.0247726 -0.0136528 0.0192413 -0.000964165 0.00115196 0.000115782 1 59
0 40 40 0 3945 0.0104237 0.0020771 0.0729885 0.000323176 0.000501528 -0.000187993 1 63
0 40 39 0 3945 -0.0310955 0.0238152 0.0334339 -0.000580788 0.0012355 0.000325933 1 68
0 40 41 0 3945 0.0292559 -0.0256882 0.113892 -0.000501037 0.000750266 -0.000800729 1 73
0 40 39 0 3945 0.0229111 0.00451088 0.0971355 -0.000630498 0.00054919 -0.000441223 1 78
0 40 39 0 3945 -0.0122986 0.0379105 0.0304089 -0.000921488 0.000920691 0.000276387 1 83
0 40 39 0 3945 0.0236998 -0.0248756 0.0490494 -0.0006212 0.00113081 -0.000102833 1 88
0 40 40 0 3945 -0.0186958 0.0220947 0.0828896 -9.25064e-05 0.00125612 -0.00114678 1 93
0 40 39 0 3945 0.0325556 0.0173836 0.0880585 -0.000529885 0.000734039 0.000644892 1 98
0 40 41 0 3945 0.00453091 -0.0105247 0.125265 -0.00121868 0.000807174 -0.000325501 1 103
0 40 39 0 3945 0.0060091 0.00326538 0.0888138 -0.00108135 0.000893347 -4.91142e-05 1 108
0 40 39 0 3945 0.0117188 0.023632 0.0507736 -0.000406027 0.00069613 0.000105903 1 113
0 40 40 0 3945 0.040678 -0.0382252 0.0552597 -0.000625014 0.000119574 -0.000131205 1 118
0 40 39 0 3945 -0.003335 0.00320244 0.0821686 -0.00115395 0.000739381 -0.000603795 1 123
0 40 40 0 3945 0.0244875 -0.02075 0.0984402 -9.67979e-05 0.000702374 -7.10338e-05 1 128
0 40 40 0 3945 0.00464916 0.0473633 0.104311 -0.000553489 0.00115828 -7.1004e-05 1 132
0 40 40 0 3945 0.0184031 -0.0107307 0.0760555 -0.00102198 8.13156e-05 -0.000574365 1 137
0 40 39 0 3945 0.0154324 0.0185356 0.0962925 -8.79765e-05 0.00114707 0.00026983 1 141
0 40 38 0 3945 -0.0320911 -0.0237484 0.120403 -0.000505924 0.00086242 -0.000407889 1 146
0 40 40 0 3945 0.0297747 -0.00650597 0.093441 0.000316858 -8.58083e-05 -0.000213355 1 150
0 40 39 0 3945 0.0259504 0.0059948 0.0815544 -0.000937581 0.00211509 -0.000356913 1 155
0 40 39 0 3945 -0.0102692 -0.0195427 0.0678177 -0.000519276 0.000145324 0.000212863 1 159
0 40 40 0 3945 0.0138779 -0.00580406 0.085886 -0.000440478 0.00166543 1.66893e-06 1 164
0 40 40 0 3945 0.00989723 0.00868797 0.124493 -0.00118792 -7.33733e-05 7.59661e-05 1 169
0 40 38 0 3945 -0.00242519 -0.00434494 0.039526 -0.000699997 0.00138947 8.8796e-05 1 173
0 40 39 0 3945 0.00711632 0.0169525 0.071888 -0.000667691 0.000643037 -0.000194088 1 177
0 40 39 0 3945 0.0311394 -0.00935936 0.0737247 4.13656e-05 -0.000500016 -0.000573769 1 182
0 40 39 0 3945 0.0133324 0.00974846 0.0690098 -0.000719786 0.00200941 -6.63996e-05 1 186
0 40 41 0 3945 0.00465202 0.00174141 0.0657997 -0.000314951 0.00014998 -0.000266925 1 191
0 40 40 0 3945 0.0698643 -0.0385666 0.0313663 -0.000228047 1.43349e-05 -0.000428602 1 195
0 40 39 0 3945 0.01229 0.0648746 0.0860729 -8.08239e-05 0.00126432 -0.000176519 1 200
0 40 40 0 3945 0.0147343 -0.0240345 0.0672741 0.000170946 0.00069043 -0.000102475 1 204
0 40 40 0 3945 0.0166998 0.0260048 0.119026 -0.000254989 0.00108253 -0.000145063 1 209
0 40 41 0 3945 -0.00977898 -0.0266418 0.0775242 -0.000651002 0.000609703 -0.000498831 1 213
0 40 39 0 3945 0.00376415 0.0119705 0.0806103 -8.9407e-05 0.000872418 0.000360459 1 218
0 40 39 0 3945 0.00656509 0.0120888 0.102318 -0.00137758 0.00028079 -0.000240251 1 223
0 40 39 0 3945 -0.00915051 0.00611305 0.0266819 -0.000732422 0.00114515 -0.000268012 1 229
0 40 40 0 3945 -0.0196266 0.0385036 0.112352 -0.000712395 0.000454828 -0.000521675 1 234
0 40 40 0 3945 0.0269709 -0.0413933 0.0689564 -0.00109756 1.7181e-05 -6.78152e-05 1 239
0 40 40 0 3945 0.0265636 0.012207 0.0951023 -0.000361204 0.00132746 -0.000225097 1 244
0 40 39 0 3945 -0.00936127 -0.0272713 0.0327854 -0.000152469 0.000872537 -0.000119194 1 249
0 40 39 0 3945 0.0383339 0.0049305 0.0034523 -0.00105238 0.000745222 0.0003075 1 254
0 40 39 0 3945 -0.0158653 -0.0138702 0.093956 -0.000240445 0.000660785 -0.000785917 1 259
0 40 40 0 3945 0.022728 -0.0106735 0.088213 0.000180721 6.76662e-05 -0.000589862 1 264
0 40 39 0 3945 0.0116196 0.00691795 0.137985 -0.000253081 0.000412405 -0.000583082 1 269
0 40 39 0 3945 0.0314474 0.0176735 0.0413113 -4.54187e-05 0.000445478 -0.000404701 1 274
0 40 39 0 3945 0.00580311 0.0216713 0.0672665 -0.000635266 -0.000286132 -0.000238165 1 279
0 40 40 0 3945 0.015913 -0.0234432 0.0949879 -0.00138867 0.000914149 -0.000250787 1 284
0 40 39 0 3945 -0.00143337 0.00637627 0.0323162 0.000442266 0.00126044 0.000271529 1 289
0 40 39 0 3945 0.0536509 0.0185757 0.109324 -0.000658274 -0.000115648 -0.000227779 1 294
0 40 39 0 3945 0.0164328 0.00431442 0.0857811 -0.000761032 0.000467412 9.70066e-05 1 299
0 40 40 0 3945 -0.0219374 0.0555744 0.0739841 -0.000444293 0.000966281 -0.000425145 1 304
0 40 40 0 3945 0.0262613 0.0163078 0.0322781 -0.000298619 0.000118591 -0.000311345 1 309
0 40 40 0 3945 0.022954 -0.00644493 0.0879345 -0.000981331 0.00106983 0.000252113 1 314
0 40 40 0 3945 0.0146322 -0.0293465 0.0859394 -0.0013212 0.000570774 -7.49677e-05 1 319
0 40 40 0 3945 0.0482616 0.00732613 0.100224 1.70469e-05 0.00030452 0.000163391 1 324
0 40 39 0 3945 0.0391331 0.0305557 0.0708122 -0.00024569 -4.78402e-05 -0.000483945 1 329
0 40 40 0 3945 0.0367947 -0.00486755 0.0419502 -0.000764966 6.27339e-06 0.000518873 1 334
0 40 39 0 3945 0.00676441 0.0363121 0.0947437 -0.000490069 0.00060685 0.000102937 1 339
0 40 40 0 3945 0.00977612 -0.0240746 0.104942 -0.000223637 0.000395939 -0.000572905 1 343
0 40 40 0 3945 0.0181313 0.0129929 0.0617867 -0.000414371 0.000495464 0.000240088 1 348
0 40 39 0 3945 -0.0162926 -0.0212936 0.0800133 -0.000389695 0.00128888 -0.000208542 1 352
0 40 39 0 3945 0.0369806 0.0156097 0.0858631 0.000473738 0.0011609 -2.16961e-05 1 357
0 40 39 0 3945 0.0415287 -0.0058918 0.0146561 -0.00117242 0.000286423 2.0802e-05 1 361
0 40 39 0 3945 0.0146942 -0.0145397 0.143517 -0.000335932 -0.000348665 -0.000402823 1 366
0 40 40 0 3945 0.0426226 0.00331306 0.0669556 -0.00103736 1.49906e-05 5.90086e-05 1 370
0 40 39 0 3945 -0.00767708 -0.00535583 0.0512943 -0.00042522 0.000324219 -0.000174835 1 374
0 40 39 0 3945 -0.0191221 0.0198956 0.0480003 -0.000593185 0.00104866 -0.000390694 1 378
0 40 40 0 3945 0.0393648 -0.0497704 0.0932465 -0.000424385 -0.00049445 -0.000165075 1 382
0 40 40 0 3945 0.0172758 -0.0230713 0.0348949 -0.00067544 -0.000312708 -3.35574e-05 1 386
0 40 39 0 3945 -0.00328255 -0.00678062 0.0604229 -0.000691414 0.000905491 -0.00052914 1 390
0 40 40 0 3945 0.00955391 -0.0124741 0.0766678 -0.00120437 0.000203602 -0.000544786 1 394
0 40 39 0 3945 0.0220671 0.041851 0.106203 -0.000106215 0.000843354 0.000182316 1 398
0 40 40 0 3945 -0.00108147 -0.00823212 0.138 -0.000947952 0.000401072 -0.000142425 1 402
0 40 40 0 3945 0.0296087 -0.0409393 0.063488 -0.000395298 0.00081028 -0.000730723 1 406
0 40 39 0 3945 -0.00396729 0.0018158 0.0154247 -0.00101423 0.0008367 -0.000180781 1 410
0 40 39 0 3945 0.0326719 0.00201225 0.162771 -0.000968695 0.00147954 -4.16487e-05 1 414
0 40 40 0 3945 0.00870514 -0.0144539 0.0918484 -0.000816345 -9.69172e-05 0.00028269 1 418
0 40 38 0 3945 0.0278463 -0.00895119 0.0212135 0.00015533 0.000690944 -0.000615492 1 422
0 40 40 0 3945 -0.0098381 -0.0319004 0.0726776 -0.000544071 0.00125415 -0.000413984 1 426
0 40 39 0 3945 0.0287552 0.0165482 0.131285 -0.000584722 -3.28422e-05 -0.000342533 1 430
0 40 40 0 3945 0.0032177 -0.0137691 0.100531 -0.000421047 0.000429645 -3.09944e-05 1 434
0 40 40 0 3945 -0.00204659 0.0148735 0.0661278 -0.00103283 0.00120928 -0.000432864 1 438
0 40 40 0 3945 0.0148058 -0.018137 0.140339 -0.000400424 0.000648424 -0.00074026 1 442
0 40 40 0 3945 0.0354376 -0.00218201 0.0312824 -0.000899434 0.000599012 -0.000421733 1 446
0 40 39 0 3945 0.00481987 -0.00413704 0.103472 -0.000558615 0.000918694 0.00044021 1 450
0 40 39 0 3945 0.0045948 0.0352955 0.069212 -0.000474334 0.000638373 -0.000888273 1 454
0 40 39 0 3945 0.000557899 -0.0216026 0.0350094 -0.000158191 0.00128642 -0.000369966 1 458
0 40 39 0 3945 0.0469122 -0.000980377 0.0860977 -0.000499725 0.000465512 0.000300169 1 462
0 40 40 0 3945 0.0133429 0.0207043 0.0972061 -0.000293374 0.000473604 -0.000305653 1 466
0 40 40 0 3945 0.0101643 -0.0281944 0.0996304 -0.00103927 0.000300147 -0.000943288 1 470
0 40 39 0 3945 0.0194082 -0.00744438 0.0824356 -4.19617e-05 0.000401512 -0.000631914 1 474
0 40 39 0 3945 -0.00488472 0.0257683 0.117126 -0.00056231 0.000267781 -0.000240013 1 478
0 40 40 0 3945 0.0287914 0.0113411 0.136789 -0.000375032 0.00075867 -0.000524253 1 482
0 40 40 0 3945 0.0171404 0.0157185 0.0148296 -0.00111294 2.09585e-05 -0.000389844 1 486
0 40 40 0 3945 0.0172329 0.0097332 0.0933285 -0.00101113 0.00134114 -0.000278592 1 490
0 40 39 0 3945 0.0398645 0.00225449 0.151655 -0.00150979 -0.000294454 -0.00021711 1 494
0 40 39 0 3945 0.0142031 -0.00619507 0.00489616 -5.79357e-05 0.000630386 -0.000274912 1 498
0 40 39 0 3945 0.0127831 -0.015316 -0.0090847 -0.00132668 0.00071872 -0.000216603 1 502
0 40 40 0 3945 0.0496063 0.0124893 0.072134 -0.00115454 0.000359677 3.61949e-05 1 506
0 40 40 0 3945 -0.00540543 0.00993347 0.0791264 -0.000466943 -0.000389889 -0.000544086 1 510
0 40 40 0 3945 0.0571575 -0.00409317 0.10988 -0.00043714 -0.000262238 -0.000546679 1 514
0 40 39 0 3945 0.00944614 0.0019455 0.0870647 -0.000888824 2.30744e-05 -0.000522241 1 518
0 40 40 0 3945 0.0409842 -0.00486946 0.0993271 -0.000818849 0.00066895 -0.000537708 1 522
0 40 40 0 3945 0.0029192 -0.0108414 0.0762215 -0.00110841 8.13529e-05 3.88026e-05 1 526
0 40 40 0 3945 0.0213394 0.034214 0.104555 -0.000203252 0.000915423 -0.0003535 1 530
0 40 40 0 3945 -0.00843143 -0.0440216 0.0634594 -0.00113332 0.000357889 -0.000676721 1 535
0 40 40 0 3945 0.0162907 -0.000324249 0.0871601 1.26362e-05 0.000373535 -0.000517219 1 539
0 40 39 0 3945 0.0142365 0.00123405 0.0507393 -0.00106966 0.00107376 -0.000312641 1 543
0 40 40 0 3945 0.00894642 0.00166512 0.136326 -0.000427604 0.000265308 -0.000378549 1 547
0 40 41 0 3945 0.0316229 0.0265923 0.0592823 2.06232e-05 0.000266828 -0.000175387 1 551
0 40 39 0 3945 0.0267086 -0.0220261 0.102001 -0.000815034 0.000849843 5.06788e-05 1 555
0 40 39 0 3945 0.0324202 0.0348206 0.106585 -0.000639677 0.000408404 -0.000753969 1 559
0 40 39 0 3945 0.000761032 -0.0144005 0.0418777 -0.000179052 0.000428624 -0.000343204 1 563
0 40 40 0 3945 0.0399599 0.0275574 0.0565395 -0.00025928 0.000631906 1.47521e-06 1 567
0 40 40 0 3945 -0.014617 0.0385532 0.11635 7.53403e-05 0.00145364 0.000112131 1 571
0 40 39 0 3945 0.00919342 -0.000530243 0.126675 -0.00104451 0.0004922 -0.00028418 1 575
0 40 40 0 3945 0.00974751 -0.0165596 0.0760231 -0.0001297 -0.000222437 -0.000202268 1 579
0 40 40 0 3945 0.0176239 0.0178967 0.0244732 -0.000884414 0.000442244 -0.000390783 1 583
0 40 40 0 3945 0.0208387 0.000988007 0.181389 -0.000404954 0.000588983 -0.000303879 1 587
0 40 39 0 3945 0.0198441 0.0173836 0.0682716 -0.000571489 -0.000650361 -0.000290617 1 591
0 40 40 0 3945 0.0169153 0.00911522 0.0285492 -0.000303149 0.00101699 -0.000130698 1 595
0 40 39 0 3945 0.020133 0.0267429 0.126257 -0.0014286 0.000511058 -0.000461936 1 599
0 40 39 0 3945 0.0136442 -0.0105114 0.0999165 0.000334382 -3.82364e-05 -0.000314862 1 603
0 40 39 0 3945 0.0315762 -0.00364685 0.0649891 -0.00161374 0.00023558 -0.000174165 1 607
0 40 40 0 3945 0.0208092 0.00382423 0.0509682 -0.000558615 0.0001866 -0.000142887 1 611
0 40 41 0 3945 0.0320692 0.0295277 0.0721798 -0.000701666 0.000654414 -7.21067e-05 1 615
0 40 39 0 3945 0.0321312 -0.0335846 0.131592 -0.00104189 -0.000109553 0.000285372 1 620
0 40 40 0 3945 0.0250292 -0.0284176 0.120081 -0.000717521 0.00108057 3.30359e-05 1 624
0 40 40 0 3945 0.0309896 0.0209465 0.107927 -0.00122023 0.000261568 0.000193834 1 629
0 40 40 0 3945 0.0483303 -0.00808716 0.147116 -0.000740528 0.000220656 -0.00041455 1 633
0 40 39 0 3945 0.0427656 0.00541306 0.115759 -0.000356197 0.000164434 -0.000426546 1 638
0 40 40 0 3945 0.0352726 0.00339127 0.0755482 -0.000215411 0.000180371 5.37485e-05 1 642
0 40 40 0 3945 0.00953388 0.0308189 0.0710011 -0.000710845 -2.34768e-05 8.10623e-06 1 647
0 40 40 0 3945 0.0279102 0.00458527 0.0540161 -0.000338316 -0.000194587 0.000410706 1 651
0 40 40 0 3945 0.0442886 0.000669479 0.0898418 -0.000813484 0.00100325 -0.000319436 1 656
0 40 39 0 3945 0.0466051 0.0453568 0.117033 -5.60284e-06 0.000142001 -0.000564963 1 660
0 40 39 0 3945 0.00619698 -0.0176353 0.102476 -0.00063777 0.000300847 -0.000677109 1 665
0 40 40 0 3945 0.0138378 0.051754 0.0756359 8.9407e-06 0.000742756 0.000354528 1 669
0 40 40 0 3945 0.0469208 0.00769043 0.0902119 -0.000695467 0.000258759 -0.000298321 1 674
0 40 38 0 3945 0.0302763 5.72205e-05 0.0707073 -0.000660658 0.000847496 -7.22706e-06 1 678
0 40 40 0 3945 0.00130177 -0.00588036 0.0828552 -0.000510931 6.86944e-06 -0.000390977 1 683
0 40 40 0 3945 0.0069809 -0.0186977 0.11414 -0.000248194 0.000919528 -0.000210956 1 687
0 40 40 0 3945 0.0506411 0.0132675 0.081852 -0.000918746 -0.000309721 -0.00105856 1 692
0 40 39 0 3945 0.0172205 0.0119629 0.00984573 -0.00137651 0.000428863 0.000348955 1 696
0 40 39 0 3945 -0.000824928 0.0185986 0.143085 -0.000905633 0.00049527 -0.000609502 1 701
0 40 39 0 3945 0.0424843 -0.0215645 0.112278 -0.000476599 0.000490725 -0.000427991 1 705
0 40 40 0 3945 -0.0148392 0.00490952 0.0263042 -0.000484824 0.000616744 2.28584e-05 1 709
0 40 40 0 3945 0.0496578 -0.00140953 0.0861053 -0.000687242 0.00101532 -0.000101984 1 713
0 40 40 0 3945 0.0045433 0.0225945 0.0676651 -0.00076735 -0.000406705 -7.87228e-05 1 717
0 40 40 0 3945 0.0186415 0.00663376 0.0855465 0.000242114 0.000249334 -0.000208721 1 721
0 40 40 0 3945 0.0334959 0.000463486 0.0743389 -0.000339031 0.000343092 0.000189736 1 725
0 40 40 0 3945 0.0162039 0.0499001 0.0767479 0.000378013 0.00109143 -9.94354e-05 1 729
0 40 39 0 3945 0.0298157 -0.0137558 0.126509 -0.00123441 0.000404976 -0.000896782 1 733
0 40 39 0 3945 0.0422888 -0.011692 0.0971413 0.000377893 -0.000522718 -8.51303e-05 1 738
0 40 39 0 3945 0.0402727 0.0120239 0.12665 -0.0010438 0.000994809 5.65946e-05 1 742
0 40 39 0 3945 -0.00698185 0.0344658 0.0608654 -0.000139952 -0.000524111 7.36117e-05 1 747
0 40 39 0 3945 0.0225582 0.0246048 0.0442314 -0.000477195 -0.000479542 0.000302255 1 751
0 40 39 0 3945 -0.0172148 0.023098 0.0617542 -0.000144839 0.00129296 -0.000304431 1 756
0 40 40 0 3945 0.0181608 0.0268021 0.13899 -0.000148058 0.000541285 -0.000340939 1 760
0 40 40 0 3945 0.011776 -0.0193882 0.0349827 -0.000873089 0.00038898 -0.00114644 1 765
0 40 40 0 3945 0.0165596 0.0133858 0.102791 -0.000520229 0.00035312 5.51492e-05 1 769
0 40 39 0 3945 0.00554371 0.0100613 0.104372 -0.000964403 0.00131296 -0.000269249 1 774
0 40 39 0 3945 0.0346766 0.0301399 0.0581741 3.74317e-05 0.000494562 -0.000624895 1 778
0 40 39 0 3945 0.0126419 -0.00524712 0.0439072 -0.00139439 0.000326112 4.91887e-05 1 783
0 40 39 0 3945 -0.00307274 -0.00508118 0.0856552 -0.000674367 0.000734411 -0.000140697 1 787
0 40 39 0 3945 0.0358143 0.0113621 0.141325 -0.000844121 -0.000122145 -0.000607654 1 792
0 40 40 0 3945 0.0437698 0.00946045 0.0712051 -0.000853181 8.75294e-05 1.26511e-05 1 796
0 40 39 0 3945 0.0155487 0.0317688 0.104874 -0.00106847 0.000817761 -0.000404939 1 801
0 40 40 0 3945 0.0440979 -0.0250072 0.169386 -0.000753403 0.000498466 -0.000562638 1 805
0 40 40 0 3945 0.0263939 0.00299072 0.0545254 -0.00099957 0.000226937 -0.000496164 1 809
0 40 40 0 3945 0.0320206 -0.0245056 0.0793285 -0.00122809 0.000578694 -2.05189e-05 1 813
0 40 40 0 3945 0.0328074 0.0326347 0.126101 -0.00107574 0.000489004 -0.000384077 1 817
0 40 39 0 3945 -0.0104628 -0.00294113 0.104855 -0.00123048 0.000176057 -0.000702471 1 821
0 40 39 0 3945 0.0389242 -0.00254059 0.0518265 0.000410199 6.37919e-05 -0.000188723 1 825
0 40 40 0 3945 0.0347443 0.0213795 0.0955658 0.000432968 -0.000193134 -0.000729263 1 829
0 40 40 0 3945 0.0379257 0.0292969 0.0880089 -0.0006392 6.39036e-05 -0.000159293 1 833
0 40 40 0 3945 0.00200558 0.0371933 0.081131 -0.00055933 0.000294417 -0.000433892 1 838
0 40 39 0 3945 0.0311441 0.0376968 0.0746956 -0.00092721 -0.000284083 -2.06977e-05 1 842
0 40 40 0 3945 0.00721741 -0.000951767 0.105167 -0.000513315 0.000916377 -0.000298634 1 847
0 40 40 0 3945 0.024456 0.00590706 0.111599 -1.26362e-05 0.000611439 9.08971e-07 1 851
0 40 39 0 3945 0.0470448 -0.0124035 0.100266 -0.00120318 -0.000367478 -0.000891402 1 856
0 40 39 0 3945 0.0392551 -0.00556374 0.108572 -0.000501752 -0.000310346 -0.000313029 1 860
0 40 39 0 3945 0.0258951 0.00928497 0.11071 -0.00101483 0.000480525 0.00023821 1 865
0 40 40 0 3945 0.0522251 0.0158863 0.161926 -0.000253677 0.000153549 -0.000417173 1 869
0 40 41 0 3945 0.0386047 0.0128288 0.0234013 -0.00036788 -0.00104129 -0.000161633 1 874
0 40 40 0 3945 0.0333366 0.0165176 0.0605488 -0.00037241 -0.000269137 -0.000169903 1 878
0 40 38 0 3945 -0.00978565 -0.0239754 0.0891819 -0.00145102 -0.000104718 -0.00063853 1 884
0 40 40 0 3945 0.0112648 -0.0220318 0.140823 -0.000523925 -0.000148617 -0.000109345 1 889
0 40 39 0 3945 -0.003479 0.0233517 0.0657673 -0.000682712 0.000580594 -3.32594e-05 1 894
0 40 38 0 3945 -0.0100861 0.0439205 0.131872 -0.000643492 6.87987e-05 -0.000319138 1 898
0 40 39 0 3945 -0.00155449 -0.00767517 0.0778217 -0.000725746 -0.000352554 0.000238389 1 904
0 40 40 0 3945 0.0176382 -0.013485 0.108667 -0.00124156 0.000387624 0.000266373 1 908
0 40 40 0 3945 0.0134697 0.00636864 0.10461 -0.000393033 0.00048779 -0.000123888 1 914
0 40 39 0 3945 0.00452805 -0.00181961 0.119125 0.000190616 -0.000497863 -0.000233144 1 919
0 40 39 0 3945 0.0193224 -0.00377655 0.0522995 -0.00022614 -0.000662059 -0.000368893 1 924
0 40 40 0 3945 0.0185528 0.00876808 0.116302 -0.000804305 0.000530794 -4.97401e-05 1 928
0 40 40 0 3945 0.0120201 0.0472069 0.0576935 -0.000101089 0.000458606 -0.000185087 1 933
0 40 40 0 3945 0.0238705 0.0102329 0.106409 -0.000743747 -0.000105731 -0.00112846 1 938
0 40 40 0 3945 0.0647221 0.0126228 0.120209 -0.000490069 -0.000856645 0.000282556 1 942
0 40 39 0 3945 0.0266294 0.00283813 0.0571861 -0.00124896 0.000328235 -0.000492051 1 946
0 40 39 0 3945 0.0476341 0.0223465 0.111097 -0.000522017 -9.97931e-05 -0.000337467 1 951
0 40 39 0 3945 0.0450897 -0.00369644 0.0541992 -0.000671625 0.000304431 -0.000533924 1 956
0 40 40 0 3945 0.0296946 0.000679016 0.0419712 -6.55651e-05 -0.000651024 -0.000737607 1 961
0 40 40 0 3945 0.0320072 0.0489769 0.10725 -0.000498056 0.000209197 -0.000396699 1 966
0 40 40 0 3945 0.0515118 0.0229149 0.139954 -0.000170946 -0.000421189 -0.000602663 1 971
0 40 39 0 3945 0.0417633 -0.0109806 0.0091877 -0.0011065 0.000268415 -0.000250593 1 976
0 40 39 0 3945 0.0550089 0.008564 0.0564156 -0.00119102 0.000792243 -0.000330046 1 981
0 40 40 0 3945 0.000649452 0.00933647 0.0732784 -0.000970125 0.00066705 -0.00052163 1 986
0 40 39 0 3945 0.0143213 0.00568962 0.0677109 -0.000120521 0.000569701 -0.00056538 1 991
0 40 40 0 3945 0.0273066 0.0366898 0.0588226 9.20296e-05 -0.000563815 -0.000351012 1 995
0 40 41 0 3945 0.0241833 -0.0381546 0.0752792 -0.00147104 0.000723027 -0.000708163 1 1000
0 40 39 0 3945 -0.0210352 -0.0340233 0.0978889 -0.00136566 0.000111841 -0.000207096 1 1005
0 40 40 0 3945 -0.013401 -0.0317879 0.0721455 -0.000231743 0.000154153 -0.000995964 1 1008
0 40 39 0 3945 0.0553932 0.00125504 0.12425 -0.00102746 7.84844e-05 2.60621e-05 1 1014
0 40 39 0 3945 0.0421867 0.00012207 0.154158 -0.00134623 0.000649534 -0.000109926 1 1019
0 40 40 0 3945 0.0323009 -0.00950623 0.130844 -0.000214577 -0.000112332 -0.000954837 1 1024
0 40 40 0 3945 0.0469999 -0.0181084 0.0639973 -0.000135303 -0.00036341 -0.000315487 1 1029
0 40 40 0 3945 0.0404196 0.0239697 0.105707 -0.000144601 -4.59179e-05 3.92199e-05 1 1033
0 40 40 0 3945 0.0422115 0.0172043 0.115904 -0.00069046 0.00036604 2.59727e-05 1 1037
0 40 39 0 3945 0.0344229 -0.0124016 0.134018 -0.000731349 -8.69408e-05 -0.000813618 1 1041
0 40 39 0 3945 0.0497236 0.0109844 0.114992 -0.000566363 0.000386462 -0.000204101 1 1045
0 40 40 0 3945 0.0334396 0.0125122 0.0798779 -0.000680923 -5.65499e-05 8.61287e-05 1 1049
0 40 40 0 3945 0.0267963 0.007061 0.0768604 -0.000470996 0.00124495 -0.000364006 1 1053
0 40 41 0 3945 0.0320911 0.0308228 0.118471 -0.000835538 -0.000452772 1.42455e-05 1 1057
0 40 40 0 3945 0.0454311 -0.00574303 0.0601444 -0.00111103 -0.000336938 -0.000390708 1 1061
0 40 40 0 3945 0.0542307 0.00651169 0.0634079 -0.00105727 -0.000807077 0.000254676 1 1065
0 40 39 0 3945 -0.000575066 0.012888 0.0307178 -0.000718594 8.78125e-05 0.000356689 1 1069
0 40 39 0 3945 0.0378981 -0.00303268 0.113169 -0.000617623 0.00109606 1.50502e-06 1 1073
0 40 38 0 3945 0.0204277 0.0442181 0.105076 -0.000413537 -0.000193417 -0.000123739 1 1077
0 40 40 0 3945 0.0198975 -0.029129 0.0938416 -0.000581741 -0.0003253 -0.000173569 1 1081
0 40 40 0 3945 0.0852203 0.00583458 0.0179615 -0.000449777 -0.000708051 1.28299e-05 1 1085
0 40 39 0 3945 0.0323191 -0.00733948 0.042181 -0.000613689 0.000523075 -0.000353664 1 1089
0 40 40 0 3945 0.0350714 0.0331383 0.0933075 -0.000437856 0.000142507 -0.000538796 1 1093
0 40 40 0 3945 0.0169849 -0.00671005 0.122025 -0.00109327 0.000234999 -0.000177339 1 1097
0 40 39 0 3945 0.0171709 0.0249367 0.0517883 -0.000512838 -0.000341631 -0.000161469 1 1101
0 40 40 0 3945 0.0322886 0.00502014 0.0152817 -0.000919461 0.000695899 -0.000648335 1 1105
0 40 40 0 3945 0.044548 0.0170689 0.101416 -0.000584364 -0.000473127 0.000265747 1 1109
0 40 40 0 3945 0.0171852 0.00311279 0.113737 -0.000356317 0.000547968 -0.000682533 1 1113
0 40 39 0 3945 0.000915527 -0.00911331 0.0283794 -0.000427723 0.000545092 -0.000545293 1 1117
0 40 39 0 3945 0.0118275 -0.0298805 0.0701122 -0.000414491 0.000257164 -0.00100768 1 1121
0 40 39 0 3945 0.0489197 0.0200386 0.103165 -7.64132e-05 0.00030373 -0.00025861 1 1125
0 40 40 0 3945 0.0118027 0.0157375 0.112471 -0.000681877 0.000144735 -0.000226855 1 1129
0 40 39 0 3945 0.0228157 0.00570488 0.114916 -0.0010494 -0.000475496 -0.00042738 1 1133
0 40 41 0 3945 0.0250282 0.0144711 0.129351 -0.000532746 -0.000135228 -0.000811264 1 1137
0 40 40 0 3945 0.0236673 -0.0019989 0.105389 -0.000464916 -0.000761062 -0.000305206 1 1141
0 40 40 0 3945 0.00903702 -0.00835228 0.106422 -0.000103354 0.000261649 -3.61055e-05 1 1145
0 40 39 0 3945 -0.00969124 0.0285969 0.097229 -0.000462294 0.000767134 4.44204e-05 1 1149
0 40 39 0 3945 -0.00731754 0.00849152 0.0622101 -0.000905156 0.000295676 -0.000901312 1 1153
0 40 39 0 3945 0.0747013 -0.0161076 0.176064 -0.000574112 -5.30854e-05 -0.00068976 1 1157
0 40 39 0 3945 0.0320835 0.0156555 0.058136 -0.000521541 -0.00017792 -0.000324577 1 1161
0 40 40 0 3945 0.0265427 -0.0309486 0.0719357 -0.00109518 -0.000542827 -8.73953e-05 1 1165
0 40 39 0 3945 0.0122643 0.0149536 0.0808105 -0.000223517 0.000722997 -0.000111118 1 1169
0 40 40 0 3945 0.0311012 0.0243931 0.144571 -0.00106537 0.000125997 -0.000533506 1 1173
0 40 40 0 3945 0.00312614 -0.00959206 0.14072 -0.00118375 -0.000396051 -0.000742659 1 1177
0 40 39 0 3945 0.0368156 -0.0135269 0.121017 0.000144958 -0.000619985 -0.000808537 1 1181
0 40 39 0 3945 0.0463295 -0.000919342 0.0473938 -0.000473619 0.000105955 -0.000405043 1 1185
0 40 39 0 3945 0.0355968 -0.00377083 0.0962276 -0.000262737 5.92321e-05 0.000351489 1 1189
0 40 38 0 3945 0.0259476 0.0208607 0.115168 -9.10759e-05 0.000984162 -0.000489101 1 1193
0 40 39 0 3945 0.0331888 0.027895 0.12693 -0.000760198 -0.000566252 -0.000610471 1 1197
0 40 40 0 3945 0.00541878 0.00706863 0.0605011 -0.000781417 0.00042671 -0.00079909 1 1201
0 40 39 0 3945 0.064909 -0.0179462 0.131395 -0.000749707 -0.0001745 -0.000204891 1 1205
0 40 40 0 3945 0.0138836 0.00657845 0.062521 -0.000816464 0.000184104 -6.44177e-05 1 1209
0 40 40 0 3945 0.0168781 0.0185814 0.112556 -0.000763535 0.000258811 0.000330403 1 1213
0 40 40 0 3945 0.0399952 0.036253 0.0762806 -0.000311255 0.000342332 -0.000459656 1 1217
0 40 40 0 3945 -0.00298023 0.00919342 0.132517 -0.000306845 -4.86448e-05 -0.00122355 1 1221
0 40 40 0 3945 0.0249681 -0.0277061 0.0633507 -0.00057435 -0.000189669 -0.000141978 1 1225
0 40 39 0 3945 0.00157356 -0.0247383 0.101177 0.00020957 0.000120655 -0.000128463 1 1230
0 40 39 0 3945 -0.014677 0.0294189 0.10062 -0.000344515 5.99399e-05 0.000249013 1 1235
0 40 39 0 3945 0.0038681 0.0324936 0.141428 -0.000495076 -0.000713125 -0.00077197 1 1240
0 40 40 0 3945 0.0261774 -0.00120926 0.145369 -0.000689507 1.60486e-05 -0.00140904 1 1244
0 40 40 0 3945 0.0315666 0.0235386 0.107586 -0.000781775 -0.000207797 -0.000102475 1 1248
0 40 39 0 3945 0.0140686 -0.0257683 0.0502453 -0.00133622 -3.10689e-06 -0.000420347 1 1252
0 40 39 0 3945 0.0400858 0.0183487 0.0533028 -0.000681996 0.000210702 -0.000105217 1 1256
0 40 39 0 3945 0.00688362 0.0104256 0.1147 -0.00132322 0.000406034 -0.000550345 1 1260
0 40 39 0 3945 0.0141058 0.0185108 0.17531 -0.00046134 -0.000258423 -0.000835434 1 1264
0 40 40 0 3945 0.0561943 -0.0251198 0.173456 -0.000731587 -0.000282817 -0.000723213 1 1268
0 40 41 0 3945 0.0301304 0.0122223 0.0801773 -0.000869513 -0.000783458 -0.000623316 1 1272
0 40 39 0 3945 0.0166559 -0.00642967 0.0359364 -0.00144172 -0.000272229 6.83963e-05 1 1276
0 40 39 0 3945 0.0127325 0.00854111 0.0942421 0.000334144 0.000924721 -7.09444e-05 1 1280
0 40 38 0 3945 0.0528774 0.0446777 0.13703 -0.000540257 0.000244774 -8.48174e-05 1 1284
0 40 39 0 3945 0.00733376 0.0168839 0.0905552 -0.000681758 0.000550382 -0.00108179 1 1288
0 40 39 0 3945 0.0422707 -0.00802994 0.161102 -0.000665069 -0.000459276 -0.000361845 1 1292
0 40 39 0 3945 0.0388041 -0.00603104 0.125864 -0.000517368 -5.87255e-05 -0.00120139 1 1296
0 40 39 0 3945 0.0381622 -0.0246696 0.0113316 -0.000250697 0.000336304 -0.000752896 1 1301
0 40 39 0 3945 0.0769587 0.0236473 0.118065 -0.000101089 -0.000669137 0.000292346 1 1305
0 40 41 0 3945 0.0338707 0.0272312 0.112894 -0.000157952 -0.000157118 -0.000356644 1 1310
0 40 40 0 3945 0.0342102 0.0156593 0.108004 -0.00120246 0.000791445 -0.000748202 1 1314
0 40 40 0 3945 0.0185862 0.0337963 0.157337 -0.000384092 -0.0001093 -0.000374839 1 1318
0 40 40 0 3945 0.0286951 -0.0182915 0.15317 -0.00130296 0.000605755 -0.000998735 1 1322
0 40 39 0 3945 0.0289402 -0.0177116 0.0212383 -0.000334144 0.000559308 -0.00063169 1 1327
0 40 39 0 3945 0.0519819 0.0197296 0.0896072 -0.000537634 -0.000546664 0.000123337 1 1332
0 40 39 0 3945 0.0347948 0.0138092 0.0759697 -0.000255227 -0.000827827 -0.000389948 1 1336
0 40 40 0 3945 0.0483446 -0.00662231 0.116383 -0.00130165 0.000634566 -0.000774994 1 1340
0 40 40 0 3945 0.0167284 0.0308285 0.156889 -0.000543118 -0.000730485 -0.000124887 1 1344
0 40 39 0 3945 0.0197287 -0.0175285 0.165552 -0.000649333 3.8214e-05 -0.000729889 1 1349
0 40 40 0 3945 0.0577641 -0.0575466 0.0959301 -0.000956297 -0.000255935 -0.000279114 1 1354
0 40 40 0 3945 0.0215187 -0.0232582 0.129192 -0.00065577 -0.000454001 -0.000697553 1 1358
0 40 41 0 3945 0.0333099 0.00455284 0.0572433 7.4029e-05 -0.000610679 -0.000155166 1 1362
0 40 39 0 3945 0.0688496 -0.012289 0.106256 -0.00113523 4.44278e-05 -5.34058e-05 1 1367
0 40 40 0 3945 0.0281658 0.0296059 0.0856571 -5.61476e-05 0.000562817 0.000193641 1 1371
0 40 40 0 3945 0.0352201 0.0422611 0.0577946 -0.000615001 0.000366226 -0.000167966 1 1375
0 40 40 0 3945 0.0420742 0.0246086 0.152397 -7.93934e-05 -0.000994541 -0.00043717 1 1380
0 40 40 0 3945 0.0579395 -0.0220566 0.0823021 -0.00131309 -0.000832193 -0.000677854 1 1384
0 40 40 0 3945 0.0209494 -0.0117359 0.0209751 -0.000499368 -0.000625774 -0.000577956 1 1388
0 40 38 0 3945 0.0591984 -0.00675964 0.101704 -0.000769019 8.65534e-05 -5.47171e-05 1 1392
0 40 39 0 3945 0.0227261 0.0205078 0.0910473 -0.000658035 -0.000314556 -0.000328496 1 1396
0 40 39 0 3945 0.00570107 0.0717278 0.0498638 -0.000493288 0.00021331 -0.000445023 1 1401
0 40 40 0 3945 0.0503283 0.00163269 0.155165 -0.00105834 -0.000844069 1.87606e-05 1 1405
0 40 40 0 3945 0.0410995 0.000400543 0.0594597 0.000350237 -0.000636667 -0.00067687 1 1411
0 40 39 0 3945 0.057045 0.000679016 0.05513 -0.00142324 -0.000295565 -1.38134e-05 1 1415
0 40 39 0 3945 0.0356379 0.0189552 0.137039 -0.000350714 -0.000371166 0.000323653 1 1421
0 40 39 0 3945 0.0394735 0.0316315 0.143637 -0.000447392 0.000411965 -0.000211939 1 1425
0 40 39 0 3945 0.0288229 0.0139122 0.163715 -0.00114322 0.000275984 -0.000860974 1 1430
0 40 39 0 3945 0.0688238 0.0161934 0.180704 -0.000516057 -0.00112853 -0.000503257 1 1434
0 40 40 0 3945 0.0439262 -0.0347939 0.0609856 -0.000831246 -0.00072071 -0.00108761 1 1438
0 40 39 0 3945 0.0782375 -0.00728226 0.070961 -0.000187993 -0.00124092 -0.00019294 1 1442
0 40 40 0 3945 0.0604429 0.00689888 0.0847759 -0.000463009 -0.000102811 -0.000265449 1 1446
0 40 40 0 3945 0.0399265 -0.00583267 0.123777 -0.000932455 0.000822663 -0.000617132 1 1451
0 40 40 0 3945 0.049037 0.0360985 0.152838 -0.00141406 -7.68155e-06 -2.03699e-05 1 1455
0 40 40 0 3945 0.0478439 0.0149822 0.150021 -0.000534177 -7.11679e-05 3.26782e-05 1 1461
0 40 39 0 3945 0.0239563 0.013031 0.109659 0.000175476 -0.000749014 -0.000200495 1 1465
0 40 39 0 3945 0.0345173 -0.000173569 0.0753307 0.000141382 -0.000933155 -0.000418708 1 1471
0 40 40 0 3945 0.0178061 0.00482178 0.105103 -0.000938177 -0.000711776 8.49664e-05 1 1475
0 40 40 0 3945 0.0226326 0.0112495 0.0863552 -0.001001 -0.000305481 0.0001214 1 1481
0 40 40 0 3945 0.0413322 0.0372715 0.134148 -0.00129855 0.000148118 -0.000404269 1 1485
0 40 39 0 3945 0.0222397 0.0101471 0.140806 0.000367284 -0.000394426 -0.000326887 1 1491
0 40 40 0 3945 0.0386877 -0.0328979 0.120781 -0.000667453 -9.19849e-05 -0.000800058 1 1495
0 40 41 0 3945 0.0452299 0.0244389 0.0737514 -0.00100267 -0.00115133 -0.00031735 1 1501
0 40 40 0 3945 0.0349703 -0.0391808 0.10401 -0.00143874 -0.000762768 0.000325903 1 1505
0 40 39 0 3945 0.0601292 0.00436401 0.0659218 -0.00122011 -0.000550076 0.000142321 1 1511
0 40 40 0 3945 0.0426722 0.00962448 0.113911 -0.00139463 0.000484169 -0.000770211 1 1515
0 40 40 0 3945 0.0403099 0.0270309 0.140245 -0.00030601 -0.000923038 -0.000235811 1 1521
0 40 40 0 3945 0.0145626 -0.0173779 0.171585 -0.000964761 0.000851907 -0.000900835 1 1525
0 40 39 0 3945 0.040452 -0.0358505 0.0967674 -0.00131679 -0.000484928 5.57303e-06 1 1531
0 40 39 0 3945 0.0312328 -0.0361233 0.13912 -0.00121367 -0.00040549 -0.000535876 1 1535
0 40 39 0 3945 0.029809 -0.0112343 0.057539 -0.00112963 0.000539608 0.000107005 1 1541
0 40 40 0 3945 0.043725 -0.0207405 0.0418987 -0.00104249 -0.000203528 -0.00064382 1 1545
0 40 39 0 3945 0.0467949 0.0252705 0.0767498 -0.00106418 -0.00137334 4.17829e-05 1 1551
0 40 40 0 3945 0.0224905 -0.00165749 0.131384 -0.000916719 0.000238523 2.17408e-05 1 1555
0 40 39 0 3945 0.052702 0.01618 0.0771427 -0.00103986 -0.000666477 -0.000924587 1 1561
0 40 40 0 3945 0.0258293 0.00521088 0.113802 -0.00148022 -0.000161327 -0.000423804 1 1565
0 40 40 0 3945 0.0356712 -0.0247536 0.0557671 -0.000346661 -0.000768729 4.88609e-05 1 1571
0 40 39 0 3945 0.0464048 0.00447845 0.0492687 -0.000476122 -0.000517339 -0.000693589 1 1575
0 40 39 0 3945 0.0600176 0.0193424 0.0828514 -0.000303984 -0.000874594 -0.000243664 1 1579
0 40 40 0 3945 0.0282345 0.0231094 0.0491123 -0.00156331 0.000187464 -0.000243738 1 1584
0 40 39 0 3945 0.0321436 0.0146713 0.104017 -0.00106847 0.000256009 -0.000861228 1 1588
0 40 40 0 3945 0.0295238 0.0277634 0.140886 -0.000436068 -0.000472985 -0.000407487 1 1592
0 40 40 0 3945 0.033021 -0.00390816 0.153301 -0.000204921 -0.000650987 -0.00047721 1 1596
0 40 39 0 3945 0.0340652 -0.0314274 0.114084 -0.000220776 -0.000816695 -0.000245988 1 1601
0 40 39 0 3945 0.039361 -0.010149 0.0862198 -4.31538e-05 -0.000683308 -0.000661954 1 1605
0 40 39 0 3945 0.0457659 0.00759697 0.0198345 -0.000804186 -0.00034871 -0.000474915 1 1609
0 40 39 0 3945 0.0195208 0.0190334 0.068861 -0.000481725 -5.24521e-05 0.000109866 1 1613
0 40 40 0 3945 0.048502 0.017868 0.120195 -0.000130057 -0.000774637 -0.000339612 1 1617
0 40 40 0 3945 0.0210953 0.00899315 0.121855 -0.000238657 0.000393108 -0.000124156 1 1621
0 40 40 0 3945 0.0443296 0.0243778 0.0684147 -0.000542402 -0.000185832 -0.000505745 1 1625
0 40 39 0 3945 0.0394878 -0.00469971 0.115484 -0.00145578 -0.000262938 -0.000476047 1 1629
0 40 39 0 3945 0.0242567 0.00195694 0.0949211 -0.000474095 -0.000282206 -0.000465959 1 1634
0 40 39 0 3945 0.0180054 -0.00749779 0.127949 -0.000679493 -0.000361629 -0.00049381 1 1638
0 40 39 0 3945 0.0663853 0.012167 0.102776 -0.000327706 -0.00156862 -0.000373453 1 1642
0 40 39 0 3945 0.0631256 -0.0382271 0.0670986 -0.00103998 -0.000823349 -0.000556454 1 1646
0 40 40 0 3945 0.0254745 0.00964928 0.0972691 -0.000524879 0.000655226 -0.00044395 1 1651
0 40 40 0 3945 0.013279 0.062685 0.160788 -0.000459671 -0.000403494 -0.000456944 1 1655
0 40 39 0 3945 0.0311232 -0.0112476 0.094696 -0.00156558 0.000138715 -0.000433266 1 1659
0 40 39 0 3945 0.0092659 -0.00692368 0.100323 -0.000671864 -0.000558712 -0.000699192 1 1663
0 40 39 0 3945 0.0409966 0.00388908 0.17734 -0.00033474 -0.000567399 -0.000605464 1 1667
0 40 40 0 3945 0.0519991 0.0090332 0.106144 -0.000413537 -0.000666775 -0.000700459 1 1671
0 40 40 0 3945 0.0516958 -0.0258751 0.123857 -0.0011518 -0.000719249 -0.000216365 1 1675
0 40 39 0 3945 0.0334892 -0.0181828 0.0503597 -0.00140071 -0.000203982 -0.000227854 1 1679
0 40 40 0 3945 0.0404778 0.0350952 0.11545 0.00032413 -0.000413015 3.69847e-05 1 1683
0 40 39 0 3945 0.0354939 0.0138855 0.128647 -0.00174534 0.000587597 -0.000510499 1 1687
0 40 39 0 3945 -0.00332737 0.027813 0.14724 -0.000946879 -0.000453509 -0.000671014 1 1691
0 40 40 0 3945 0.0615759 -0.0130768 0.160706 -0.000830412 -0.000736624 -0.000906259 1 1695
0 40 40 0 3945 0.0340643 0.00844193 0.152336 -0.000872016 -0.000238873 -0.00116146 1 1700
0 40 40 0 3945 0.0264587 -0.033577 0.0749969 -8.96454e-05 -0.000252865 -0.000436679 1 1704
0 40 39 0 3945 0.0532341 0.0122128 0.0786304 4.76837e-06 -0.000648126 -0.000291377 1 1708
0 40 39 0 3945 0.0572681 -0.00473595 0.0840607 -0.00135565 -0.000185207 -5.82635e-06 1 1712
0 40 39 0 3945 0.0234041 0.00523949 0.0167351 -0.000977159 -0.000345878 -0.000193313 1 1716
0 40 39 0 3945 0.0349836 0.0199013 0.0994625 -0.00116587 -0.000994824 -7.79927e-05 1 1721
0 40 40 0 3945 -0.00825405 -0.0143509 0.0558109 -0.000174046 -0.000106081 -0.000422299 1 1725
0 40 39 0 3945 0.0332546 0.0412178 0.124397 5.00679e-05 -1.66744e-05 -0.000265479 1 1729
0 40 41 0 3945 0.0500355 0.00542641 0.106495 -0.00107813 -0.000532098 -0.000846669 1 1734
0 40 39 0 3945 0.0869761 -0.0446224 0.148155 -0.000850916 -0.000528164 -0.000210717 1 1738
0 40 39 0 3945 0.0560398 0.0289555 0.113174 -0.00052464 -0.000272311 -0.000854701 1 1742
0 40 38 0 3945 0.0252838 0.0207939 0.0130978 -0.000838518 -0.0013296 -0.000507817 1 1746
0 40 39 0 3945 0.0463963 0.0270004 0.0867329 -0.000734687 -0.00037349 -0.000229329 1 1751
0 40 40 0 3945 0.00405788 -0.0068512 0.0863228 -0.00125957 -0.00029362 -8.9407e-08 1 1755
0 40 40 0 3945 0.0239868 0.0180111 0.0819283 -0.000427008 -0.000549421 -0.000201121 1 1759
0 40 40 0 3945 0.0520973 -0.00408363 0.142427 -0.000780582 -0.000527576 8.73208e-06 1 1763
0 40 40 0 3945 0.0230846 0.00776482 0.0948105 -0.00109935 -0.000264868 -3.13818e-05 1 1767
0 40 38 0 3945 0.0235205 -0.000175476 0.0812454 -0.000635982 -0.00210176 -0.000643522 1 1771
0 40 38 0 3945 0.0206327 -0.0443153 0.060997 -0.000476122 -0.000310972 -9.79006e-05 1 1775
0 40 39 0 3945 0.0672493 0.0152321 0.066103 0.00012207 -0.0012727 -0.000236407 1 1779
0 40 40 0 3945 0.0860767 -0.0128918 0.0911198 -0.0011555 -0.000452362 -0.000223041 1 1784
0 40 40 0 3945 0.0641279 -0.0129604 0.123619 -0.000749946 -0.000619926 -0.00022833 1 1788
0 40 40 0 3945 0.0174446 0.0281334 0.0614815 -0.000916123 -5.57676e-05 -0.000197649 1 1792
0 40 39 0 3945 0.0394068 0.0171871 0.103403 -0.00104868 -0.000936031 -0.000215113 1 1796
0 40 39 0 3945 0.0500507 0.0457897 0.142097 -0.00134754 -0.000702642 -6.83218e-05 1 1801
0 40 40 0 3945 0.00848961 0.00966644 0.129242 -0.00112474 -0.000155993 -0.000995368 1 1805
0 40 41 0 3945 0.00966167 0.0138111 0.1105 0.000294209 -0.000930414 -0.000462085 1 1809
0 40 40 0 3945 0.0561371 0.0321789 0.183403 -0.000321031 -0.000888929 -0.000497803 1 1813
0 40 40 0 3945 0.0567236 -0.0135212 0.10607 -0.00072515 -0.000171728 -0.00112547 1 1817
0 40 40 0 3945 0.0344849 0.0257454 0.105112 -0.000359297 -0.00141814 -0.00111453 1 1821
0 40 39 0 3945 0.040617 -0.0220451 0.114468 -0.00173342 -0.00170162 -0.00109738 1 1825
0 40 38 0 3945 0.0243044 -0.0319118 0.135647 -0.000219226 -0.000837579 -0.000390068 1 1829
0 40 40 0 3945 0.0661945 -0.0174637 0.0676899 0.000138283 -0.000530973 -0.000305846 1 1834
0 40 40 0 3945 0.0428877 0.0107765 0.130386 -0.000308275 -0.000346348 0.000316411 1 1838
0 40 40 0 3945 0.0491858 0.00915909 0.0763645 -0.000678301 7.67484e-05 0.000277221 1 1842
0 40 40 0 3945 0.0326929 0.042284 0.0932751 -0.000617385 -0.000170939 -0.000377372 1 1846
0 40 39 0 3945 0.028161 0.0466232 0.127178 -0.000474095 -7.97883e-05 -0.000186801 1 1851
0 40 39 0 3945 0.0404062 0.0131397 0.0554543 -0.000758171 -0.000530221 -0.000259042 1 1855
0 40 39 0 3945 0.0193157 -0.00158501 0.1015 -0.00106776 -1.14739e-06 -0.000810951 1 1859
0 40 40 0 3945 0.0407972 -0.00816727 0.0937614 -0.000626445 -0.00127228 -0.000136569 1 1863
0 40 40 0 3945 0.0343485 -0.0225792 0.0963688 -0.00058496 -0.000790559 -0.00035809 1 1867
0 40 39 0 3945 0.0556707 -0.00411415 0.0529613 -0.000147343 -0.000456743 -0.000233263 1 1871
0 40 39 0 3945 0.0591412 0.0245743 0.0583363 -0.000125647 -0.000702463 -0.000388011 1 1875
0 40 39 0 3945 0.0622501 -0.0173683 0.0978851 -0.00077486 -0.000854395 0.000122324 1 1879
0 40 40 0 3945 0.0256128 0.00431633 0.0962448 -0.00066638 -0.000294231 -0.000128031 1 1883
0 40 40 0 3945 0.0461798 -0.00304794 0.0561466 -0.000696898 -0.000612535 4.64916e-06 1 1887
0 40 39 0 3945 0.0229731 -0.00234604 0.101133 -0.000355244 0.000922121 -0.00013198 1 1891
0 40 39 0 3945 0.0594826 0.0521698 0.106848 -0.000747085 -0.000765875 -0.000473231 1 1895
0 40 39 0 3945 0.0542259 0.00290298 0.162136 -0.00190985 -0.000249535 -0.000461563 1 1900
0 40 39 0 3945 0.0445328 0.0168629 0.09478 -0.000841618 -0.000754781 -0.000224039 1 1904
0 40 40 0 3945 0.0260344 0.0239944 0.0773754 -0.00099802 -0.000813879 -0.000798255 1 1908
0 40 40 0 3945 0.0263224 0.00669098 0.0837116 -0.000656009 -0.00136337 -0.000443637 1 1912
0 40 41 0 3945 0.0256968 -0.0525112 0.0584087 -0.00089848 -4.56721e-06 -0.000498816 1 1916
0 40 39 0 3945 0.068572 0.0300579 0.09058 0.000190139 -0.00102224 -0.000318944 1 1920
0 40 39 0 3945 0.0886555 -0.014349 0.0509758 -0.00095129 -0.000971183 5.07385e-05 1 1924
0 40 39 0 3945 0.0229263 0.00508118 0.011898 -0.000875831 1.73375e-05 -0.000532076 1 1928
0 40 40 0 3945 0.0210228 0.0253277 0.0377731 -0.000685811 -0.000219256 0.000124678 1 1932
0 40 40 0 3945 0.0328884 -0.0223579 0.120247 -0.00100267 0.00035958 -9.95398e-05 1 1936
0 40 39 0 3945 0.0377855 0.0157528 0.101542 0.000219822 -0.000313409 -0.000256583 1 1940
0 40 39 0 3945 0.0200291 0.0395393 0.124895 -0.00109589 -0.000284731 -0.000844985 1 1944
0 40 40 0 3945 0.00836086 0.00973511 0.10729 -0.00119317 -0.000324227 -0.000867158 1 1948
0 40 40 0 3945 0.0137014 0.0206375 0.141897 -0.000229001 -0.000760935 -0.000535637 1 1952
0 40 39 0 3945 0.047431 0.00924683 0.163492 -0.000626922 -0.00127918 -0.000965416 1 1957
0 40 39 0 3945 0.0513687 -0.0218525 0.0722351 -0.00101459 -0.00124713 -7.765e-05 1 1961
0 40 39 0 3945 0.0475645 -0.0234261 0.120266 -0.00166368 -0.000467986 -0.000275388 1 1967
0 40 40 0 3945 0.085084 0.00174332 0.052433 -0.000588536 -0.000855222 -0.000152513 1 1972
0 40 39 0 3945 0.0709486 -0.0316792 0.0683327 -0.00078094 -0.000749603 -0.000183716 1 1976
0 40 39 0 3945 0.0528603 0.0167847 0.053751 -0.000747442 -0.000619411 -0.000646085 1 1981
0 40 40 0 3945 0.0426807 0.010685 0.0618019 -0.000918746 -0.000799097 -0.000188455 1 1987
0 40 39 0 3945 0.0408916 0.0391331 0.147482 -0.000895977 -0.000630707 -0.000381529 1 1992
0 40 39 0 3945 0.0576077 0.0178242 0.0937595 -0.000347495 -0.00109051 -0.00014843 1 1996
0 40 39 0 3945 0.0167179 -0.000156403 0.130297 -0.00143766 -5.10439e-05 -0.000213355 1 2001
0 40 40 0 3945 0.0288124 0.0116711 0.0997734 -0.000514865 -0.00115028 -0.000374675 1 2007
0 40 39 0 3945 0.0335674 0.0144615 0.118191 -0.000291824 -0.001058 -0.000776678 1 2012
0 40 39 0 3945 0.0226374 -0.0188713 0.0649681 -0.00105262 -0.000427872 -0.000870064 1 2017
0 40 39 0 3945 0.0429764 0.0078373 0.0744705 -0.000312805 -0.00160099 -0.000907138 1 2022
0 40 39 0 3945 0.0198069 0.024807 0.0456219 -0.000481844 -0.0010161 -0.000186563 1 2027
0 40 40 0 3945 0.0321474 0.0259762 0.0509872 -0.00101376 -0.000830725 -0.000139341 1 2032
0 40 39 0 3945 0.0187645 -0.0124321 0.0615902 -0.00131142 -0.000343613 -8.2776e-05 1 2038
0 40 40 0 3945 0.0406294 -0.0112381 0.113073 -0.00154817 -0.00033246 -0.00112464 1 2043
0 40 39 0 3945 0.0126066 0.02491 0.124886 -0.00080061 -0.000659242 -0.0005548 1 2048
0 40 40 0 3945 0.0526152 -0.00636101 0.186571 -0.00116897 -0.000881277 -0.00106618 1 2053
0 40 40 0 3945 0.0460405 0.0146866 0.129757 -5.49555e-05 -0.00133089 -0.000983641 1 2059
0 40 40 0 3945 0.0302353 0.0127125 0.13946 6.65188e-05 -0.000812009 0.000142962 1 2064
0 40 39 0 3945 0.0691843 -0.0294704 0.119301 -0.000631332 -0.000616558 -0.000794008 1 2069
0 40 40 0 3945 0.0383177 -0.000642776 0.0899239 -0.000573039 -0.000712827 -0.000339031 1 2074
0 40 39 0 3945 0.019948 -1.14441e-05 0.150558 -0.00126004 -0.00110872 3.68506e-05 1 2079
0 40 39 0 3945 0.0327139 -0.0126534 0.0666313 -0.000659704 -0.000707746 -0.000723198 1 2084
0 40 39 0 3945 0.0528183 -0.00815773 0.104784 -0.000246644 0.000156522 -0.00037092 1 2089
0 40 40 0 3945 0.0471783 -0.00473404 0.0819969 -0.000927091 -0.000495873 -0.000297293 1 2094
0 40 39 0 3945 0.0306797 0.0127316 0.03158 -0.00113964 -0.00099735 5.74738e-05 1 2099
0 40 40 0 3945 0.034626 0.00213432 0.101288 -0.000864744 -0.000205666 -3.92348e-05 1 2104
0 40 40 0 3945 0.00935173 -0.000875473 0.118664 -0.00158787 -0.000430562 -0.000791654 1 2110
0 40 39 0 3945 0.0229635 0.0274525 0.133663 -0.00061059 -0.000876054 -0.000358462 1 2115
0 40 39 0 3945 0.0608149 -0.00785828 0.11755 -0.00092864 -0.000946537 -0.000515714 1 2120
0 40 40 0 3945 0.0370569 -0.0140762 0.0602016 -0.00103295 -0.00010632 -0.00114819 1 2125
0 40 40 0 3945 0.026372 0.00434113 0.0759182 -0.00123847 -0.000180967 -0.000462487 1 2130
0 40 40 0 3945 0.0517921 0.0183773 0.159052 -0.00112176 -0.000599012 -0.000292197 1 2135
0 40 39 0 3945 0.0523062 -0.00883293 0.133194 -0.000437617 -0.0011818 -0.000825584 1 2140
0 40 39 0 3945 0.059782 -0.015192 0.0683956 -0.0010469 -0.00173563 -0.000193477 1 2145
0 40 40 0 3945 0.0467539 -0.00374985 0.112457 -0.00121152 -0.00101075 -0.000751317 1 2151
0 40 40 0 3945 0.0458469 0.0011425 0.111229 -0.00109911 -7.34255e-05 -0.00046362 1 2156
0 40 40 0 3945 0.0141697 -0.0180206 0.0853806 -0.000566363 -0.00156914 0.000142261 1 2161
0 40 40 0 3945 0.0342216 -0.013216 0.0489979 -0.000517249 -0.00130577 -0.000283822 1 2166
0 40 40 0 3945 0.0628757 0.0121994 0.0774307 -0.000221133 -0.000590667 -0.000696182 1 2171
0 40 39 0 3945 0.0935726 -0.0140667 0.12117 -0.00109518 -0.00130485 0.000141114 1 2176
0 40 40 0 3945 0.0250416 0.0258808 0.0441513 -0.000582576 0.000197932 -0.000190511 1 2181
0 40 40 0 3945 0.0350399 0.0291328 0.0518093 -0.00127673 -0.00060223 -0.000114739 1 2186
0 40 39 0 3945 0.0215492 -0.0179882 0.0919247 -0.00107908 -0.000485353 -0.000703529 1 2191
0 40 38 0 3945 0.0395346 0.00941849 0.0765133 -0.000284672 -0.0012342 3.32594e-05 1 2196
0 40 40 0 3945 0.0756407 -0.00604248 0.108231 -0.000635266 -0.000870265 5.48363e-06 1 2201
0 40 41 0 3945 0.0562897 -0.00512886 0.118063 -0.000898719 -0.00044965 -8.95411e-05 1 2206
0 40 39 0 3945 0.0714836 0.0308971 0.0891457 -0.000655293 -0.00122218 -0.000152022 1 2211
0 40 39 0 3945 0.0555515 -0.000423431 0.0823021 -0.00147307 -0.00128525 -0.00040397 1 2216
0 40 39 0 3945 0.0240307 0.00577545 0.0671043 -0.000401139 -0.00102044 0.000285462 1 2221
0 40 39 0 3945 0.0276804 0.0180855 0.13084 -0.000243664 -0.000251651 0.000368804 1 2226
0 40 40 0 3945 0.0422649 9.53674e-06 0.0874977 -0.000392199 0.000132427 -0.000301301 1 2231
0 40 39 0 3945 0.0371027 0.0391808 0.144979 -0.000467896 -0.000515401 -0.000453725 1 2236
0 40 40 0 3945 0.0403185 0.0186882 0.168835 -0.00119102 -0.000188917 -0.000953093 1 2241
0 40 39 0 3945 0.0100422 0.0273666 0.101259 -0.000676632 -0.00113077 -0.000651449 1 2246
0 40 40 0 3945 0.0428925 -0.00793839 0.131201 -0.00122595 -0.000933506 0.00010623 1 2252
0 40 40 0 3945 0.0238466 0.051239 0.124657 -0.000510097 -9.93684e-05 -0.000273913 1 2257
0 40 39 0 3945 0.0132942 0.0138226 0.203136 -0.000885367 -0.000784583 -0.000819027 1 2262
0 40 39 0 3945 0.016242 0.0341568 0.145523 -0.000598907 -0.000904672 -0.000730619 1 2267
0 40 40 0 3945 0.0304928 0.0320568 0.141346 -0.000261784 -0.000480667 -0.000231266 1 2272
0 40 40 0 3945 0.0483398 0.00343704 0.0821056 -0.000524521 -0.000214502 -0.000974223 1 2277
0 40 40 0 3945 0.0695505 0.0501442 0.147289 -0.00108576 -0.000898764 -0.00023672 1 2283
0 40 40 0 3945 0.0515327 -0.0130081 0.182959 -0.000151634 -0.00115042 -0.00105892 1 2288
0 40 40 0 3945 0.0394993 -0.00234795 0.166059 -0.000451922 -0.000383653 -0.000830948 1 2293
0 40 40 0 3945 0.0370216 0.0145569 0.0969753 -0.000545263 -0.000300981 -0.0010962 1 2298
0 40 39 0 3945 0.0687265 0.036272 0.111683 -0.000555873 -0.000620678 -0.001017 1 2303
0 40 40 0 3945 0.0262995 0.00178528 0.162539 -0.00122273 -0.000964709 -0.000387996 1 2308
0 40 39 0 3945 0.0569143 0.00921822 0.154453 -0.000842452 -0.000918902 -0.000680476 1 2313
0 40 40 0 3945 0.0534 -0.0121307 0.100519 -0.00109208 -0.00110483 -0.000291467 1 2318
0 40 41 0 3945 0.0339851 -0.0166817 0.122955 -0.00129437 -0.000235118 -0.000853688 1 2323
0 40 40 0 3945 0.0279751 0.0107422 0.155563 -0.000487566 -0.00176048 -0.000399783 1 2327
0 40 39 0 3945 0.0352058 0.00777245 0.145609 -0.000518918 -0.000620715 -0.000855789 1 2332
0 40 39 0 3945 0.061615 0.0137196 0.0552483 -6.3777e-05 -0.00210562 -0.000300005 1 2337
0 40 40 0 3945 0.0515614 0.030407 0.110134 -0.00011909 -0.000725441 -0.000701725 1 2342
0 40 40 0 3945 0.0294914 -0.0115948 0.14036 -0.000684261 -0.00160076 -0.000493854 1 2347
0 40 39 0 3945 0.0464087 0.0124855 0.0985622 -0.000952959 -0.00127616 -0.000690952 1 2352
0 40 39 0 3945 0.0495262 -0.0237865 0.16814 -0.000973225 -0.000988074 -0.00118606 1 2357
0 40 40 0 3945 0.0343409 -0.025053 0.112112 -0.0011332 -0.00107034 -0.000210539 1 2362
0 40 41 0 3945 0.0744133 0.0229378 0.152147 -0.000793099 -0.000900999 -0.000668228 1 2367
0 40 40 0 3945 0.0558758 0.00187683 0.159925 -0.000427604 -0.000875406 -0.000326917 1 2372
0 40 39 0 3945 0.0209074 -0.0234528 0.0929337 -0.000907421 -0.00178825 -0.000748008 1 2377
0 40 39 0 3945 0.0341587 0.032114 0.160322 -0.000419497 -0.00157325 -0.00100514 1 2382
0 40 40 0 3945 0.0224142 -0.00542831 0.0601177 -3.09944e-05 -0.000637755 -0.000616759 1 2387
0 40 40 0 3945 0.0417557 0.000482559 0.126137 -0.00107205 -0.00066305 -0.000835866 1 2391
0 40 40 0 3945 0.00152969 0.0155926 0.087204 -0.000576854 -0.00150488 -0.000630662 1 2396
0 40 39 0 3945 0.0530214 -0.0103264 0.114849 -0.000734329 -0.00140106 -0.000939235 1 2401
0 40 39 0 3945 0.0360079 -0.0200195 0.0946465 -0.000778913 -0.000848368 -0.0002224 1 2406
0 40 41 0 3945 0.0736046 0.0226364 0.133425 -0.000830054 -0.00142513 -0.000627846 1 2410
0 40 40 0 3945 0.0221386 0.0163212 0.0842266 -0.00104642 -0.00116059 -0.000524819 1 2415
0 40 39 0 3945 0.0365543 -0.0275307 0.127989 -0.00112236 -0.000216074 -0.000655338 1 2420
0 40 40 0 3945 0.0547762 0.00097084 0.107756 -0.00117517 -0.00106494 -0.00015381 1 2425
0 40 38 0 3945 0.0472078 0.0138493 0.0793247 -0.000231385 -0.00101729 -0.000529647 1 2430
0 40 40 0 3945 0.0191212 0.0273399 0.126608 -0.000329018 -0.000466794 -0.00069879 1 2435
0 40 39 0 3945 0.0333471 0.0337944 0.0818729 -0.000751495 -0.00122824 -0.000422925 1 2439
0 40 39 0 3945 0.05299 -0.0084095 0.130098 -0.000391841 -0.000356138 -0.000381991 1 2444
0 40 40 0 3945 0.0241365 0.0320091 0.155239 -7.79629e-05 -0.000371821 -9.197e-05 1 2449
0 40 39 0 3945 0.0501928 0.00417519 0.0994663 -0.00076282 -0.00122466 -0.000427753 1 2454
0 40 39 0 3945 0.0515623 -0.00909996 0.0965176 -0.000534534 0.000120737 -0.000257075 1 2459
0 40 39 0 3945 0.0576239 0.0548019 0.113916 -0.000546813 -0.000816256 -0.000271291 1 2465
0 40 41 0 3945 0.0374098 0.00606155 0.0850925 -0.00051713 -0.000709824 0.000173584 1 2470
0 40 40 0 3946 0.0619411 0.00454521 0.113174 -0.00161934 -0.000339605 -0.000441164 1 2474
0 40 39 0 3945 0.0131178 0.0457878 0.0790176 -0.000224113 -0.000420697 -0.000443608 1 2478
0 40 39 0 3945 0.0602694 0.0164223 0.123352 -0.00113916 2.6837e-05 -0.000197798 1 2483
0 40 39 0 3945 0.0187035 0.0361195 0.14916 -1.4782e-05 -0.000489786 -0.000471517 1 2487
0 40 40 0 3945 0.0865631 0.0105152 0.130583 -0.00088346 -0.00151709 -0.000121444 1 2491
0 40 40 0 3945 0.0705547 -0.0240879 0.0828209 -0.00168467 -0.000449613 -0.000232875 1 2495
0 40 39 0 3945 0.0373964 -0.00682449 0.0697422 -0.00104582 -0.000580125 -0.000629649 1 2499
0 40 40 0 3945 0.0384941 0.0164814 0.0588875 8.74996e-05 -0.00124992 0.000134841 1 2503
0 40 40 0 3945 0.0601063 0.0150185 0.103548 -0.000934243 -0.00119571 6.30766e-05 1 2507
0 40 39 0 3945 0.0455952 -0.0143471 0.0329323 -0.00113416 7.55563e-05 -0.000266582 1 2511
0 40 38 0 3945 0.000437737 0.0146618 0.0594425 -0.00106704 -0.000479691 5.88298e-05 1 2515
0 40 40 0 3945 0.0445871 0.0510311 0.128139 -0.000265121 -0.00101231 0.000787124 1 2519
0 40 40 0 3945 0.0516148 0.000665665 0.106493 -0.00142264 -0.000770971 -0.000149503 1 2523
0 40 40 0 3945 0.0460825 -0.0195694 0.0641975 -0.00106633 -0.000749044 -0.000211611 1 2527
0 40 40 0 3945 0.0336685 -0.0206966 0.105047 -3.67165e-05 -0.000928536 -0.000183523 1 2531
0 40 39 0 3945 0.0647717 -0.00124168 0.129824 -0.00010097 -0.00147685 -0.000233725 1 2536
0 40 39 0 3945 0.0442657 0.033432 0.092701 -0.000194788 -0.00108174 -0.000433475 1 2540
0 40 39 0 3945 0.0811853 0.0104256 0.133595 -0.00141597 -0.00197734 -0.000332639 1 2544
0 40 41 0 3945 0.0361738 -0.00623512 0.10663 -0.00125694 -0.00172236 -0.000701085 1 2549
0 40 40 0 3945 0.0486202 0.00196075 0.108294 -0.000234365 -0.00126409 0.000328407 1 2554
0 40 39 0 3945 0.0427237 0.00891113 0.0852356 -0.000767946 -0.00171349 -0.00100841 1 2558
0 40 39 0 3945 0.0527744 -0.00483131 0.124628 -0.000401616 -0.00199043 -0.000201628 1 2563
0 40 39 0 3945 0.0802908 0.0182972 0.141029 -4.79221e-05 -0.000881776 -0.000529617 1 2567
0 40 40 0 3945 0.0507412 0.037529 0.148674 -0.00105882 -0.000909612 -0.000495464 1 2571
0 40 40 0 3945 0.0519905 0.00811768 0.0918636 -0.00144506 -0.000910394 -0.000444159 1 2575
0 40 38 0 3945 0.0609465 -0.0252075 0.0905304 -0.000798106 -0.000775404 -0.000147939 1 2579
0 40 39 0 3945 0.0416117 0.0368996 0.125418 -0.000169158 -9.3855e-05 -0.000579566 1 2584
0 40 39 0 3945 0.0255861 0.00214577 0.106529 -0.000966311 -0.000720046 -0.000119686 1 2588
0 40 40 0 3945 0.0377026 0.0112724 0.133181 -0.000382662 -0.00095401 -0.000370651 1 2593
0 40 40 0 3945 0.0759954 0.0045433 0.0927811 -0.00105846 -0.000805028 -0.00012742 1 2597
0 40 39 0 3945 0.0611486 0.0249634 0.0777245 -0.000688434 -0.000510678 -0.000151366 1 2602
0 40 38 0 3945 0.0282574 0.014328 0.123543 -0.000816226 -0.000285663 -0.000542387 1 2606
0 40 40 0 3945 0.0691051 0.0102425 0.0190449 -0.00097847 -0.000953525 -0.000282824 1 2611
0 40 40 0 3945 0.0466442 0.000358582 0.0857105 -0.000847459 -0.000641912 0.000240162 1 2616
0 40 40 0 3945 0.0423222 0.040369 0.104286 -0.000930429 -0.00147034 -0.000796959 1 2622
0 40 40 0 3945 0.0611629 -0.0352592 0.0977612 -0.000268698 -0.00116281 -0.000220224 1 2627
0 40 38 0 3945 0.0517092 -0.0100822 0.145451 -0.0011909 -0.000911102 -0.000833303 1 2632
0 40 39 0 3945 0.0658865 -0.0104771 0.136852 -0.000953317 -0.000979386 -0.000645891 1 2637
0 40 40 0 3945 0.0552578 -0.021162 0.0749245 -0.000840664 -0.002482 -0.000302672 1 2642
0 40 39 0 3945 0.065918 0.0410824 0.0740585 0.000125766 -0.00118762 -0.000522301 1 2646
0 40 40 0 3945 0.0145226 0.0100765 0.152821 -0.000443697 -0.000205837 -0.000374526 1 2652
0 40 40 0 3945 0.0318518 0.0126228 0.121889 -0.00107479 -0.000669472 -0.000182912 1 2656
0 40 40 0 3945 0.0307894 -0.00805283 0.167055 -0.00115323 -0.00102524 -0.000300944 1 2661
0 40 39 0 3945 0.0404215 -0.0211143 0.0997639 -0.00078249 -0.000322469 0.000245392 1 2666
0 40 39 0 3945 0.0630293 0.00926208 0.103235 -0.00123775 -0.00111212 -0.000761822 1 2673
0 40 40 0 3945 0.0413828 -0.00981712 0.0691853 -0.000986457 -0.000173301 0.000193372 1 2677
0 40 39 0 3945 0.0336704 0.0255241 0.0951118 -0.000173688 -0.000833578 -0.000562295 1 2683
0 40 40 0 3945 0.0585613 -0.0390282 0.120197 -0.00054872 -0.0013819 -0.000654235 1 2688
0 40 40 0 3945 0.0664968 0.0138073 0.0464439 -0.000977635 -0.000534154 0.00030832 1 2693
0 40 40 0 3945 0.0595837 -0.0266018 0.171436 -0.000707388 -0.00151064 -0.000455752 1 2697
0 40 39 0 3945 0.0418348 0.0226154 0.0975323 -0.000666857 -0.00138106 -0.000848591 1 2703
0 40 39 0 3945 0.0303802 -0.0260906 0.0503445 -0.000462174 -0.000883415 -0.000194192 1 2707
0 40 39 0 3945 0.0390177 0.00409126 0.14459 -0.00107491 -0.000880286 -0.000469983 1 2713
0 40 40 0 3945 0.0763884 -0.0156136 0.215181 -0.000792384 -0.00176765 -0.000984445 1 2718
0 40 39 0 3945 0.0556965 0.0191422 0.146845 -0.00100935 -0.00153387 3.70145e-05 1 2723
0 40 41 0 3945 0.0370951 0.0289326 0.15485 6.48499e-05 -0.000136226 -0.000302881 1 2726
0 40 40 0 3945 0.0300474 0.0164185 0.150988 -0.00127029 -0.00033056 -0.000952229 1 2733
0 40 40 0 3945 0.063201 -0.0299225 0.121962 -0.00115407 -0.000515983 -0.000246137 1 2737
0 40 39 0 3945 0.0321121 0.0204678 0.0934181 -0.000768661 -0.000652596 -6.23465e-05 1 2742
0 40 39 0 3945 0.0577106 0.0135727 0.112206 -0.000940919 -0.00151685 0.000224307 1 2747
0 40 39 0 3945 0.0672865 -0.0146236 0.0972443 -0.000938654 -0.000957489 -1.20252e-05 1 2752
0 40 40 0 3945 0.0620632 -0.00531578 0.0914078 -0.00112307 -0.000958927 -0.000455037 1 2756
0 40 39 0 3945 0.0311508 -0.00258255 0.139814 -0.00147283 -0.00103848 -0.000573501 1 2763
0 40 39 0 3945 0.0835876 -0.00225067 0.0434647 -0.000291348 -0.00144917 0.000266612 1 2768
0 40 39 0 3945 0.0309954 0.0250702 0.121746 -0.000673056 -0.00192529 -0.000520617 1 2773
0 40 39 0 3945 0.0595884 -0.0360165 0.169516 -0.00117135 -0.000725433 -0.00101051 1 2777
0 40 40 0 3945 0.0755882 0.0152931 0.153568 -0.000204444 -0.000636287 -0.000320107 1 2784
0 40 40 0 3945 0.0468006 0.0118637 0.172478 -0.00106657 -0.000583358 -0.000867441 1 2789
0 40 40 0 3945 0.0505857 -0.00308609 0.106806 -0.000982404 3.21195e-05 0.000111446 1 2794
0 40 40 0 3945 0.025527 0.0405846 0.0708981 -0.000260115 -0.00129898 0.000353485 1 2797
0 40 39 0 3945 0.0644722 0.0049324 0.122147 -0.000939488 -0.00172363 6.73234e-05 1 2803
0 40 39 0 3945 0.0811996 -0.00924873 0.114752 -0.00165474 -0.00142563 0.000131801 1 2806
0 40 40 0 3945 0.0549154 0.0142498 0.0360394 -0.00104582 -0.000250123 -0.000359014 1 2810
0 40 40 0 3945 0.0630226 -0.0374985 0.156916 -0.00124645 -0.00150637 -0.000321239 1 2814
0 40 40 0 3945 0.0335712 0.0233784 0.116034 -0.00033772 -0.00176884 -0.000909075 1 2818
0 40 40 0 3945 0.0625381 0.0146523 0.14113 -0.000590801 -0.00133818 -0.000355169 1 2822
0 40 39 0 3945 0.0423479 -0.0031395 0.126194 -0.00145495 -0.000541851 -0.000987574 1 2826
0 40 39 0 3945 0.0231638 0.00902557 0.109039 -0.00152194 -0.000359982 -0.000400394 1 2830
0 40 39 0 3945 0.0466337 0.048624 0.0880852 -0.000616789 -0.000672512 -0.000228867 1 2834
0 40 40 0 3945 0.0525169 0.0387154 0.13006 -0.0010494 -0.000539519 -0.000391573 1 2838
0 40 39 0 3945 0.0316467 0.0566254 0.157091 -0.00112462 -0.000763141 -0.000748843 1 2842
0 40 40 0 3945 0.0699453 -0.0147858 0.0876007 -0.000912547 -0.000574462 -0.000487149 1 2846
0 40 40 0 3945 0.0788593 -0.00953293 0.085495 -0.000843048 -0.000870153 -0.000224575 1 2850
0 40 40 0 3945 0.0450783 0.015892 0.103651 -0.000279903 -0.000707217 -0.000117823 1 2854
0 40 40 0 3945 0.0843449 -0.00714111 0.086195 9.52482e-05 -0.00161622 7.36713e-05 1 2858
0 40 40 0 3945 0.0681753 -0.0203838 0.0385571 -0.000661731 -0.00135488 -5.79506e-05 1 2863
0 40 39 0 3945 0.0541363 0.00493813 0.127552 -0.000230908 -0.00101364 -0.000607342 1 2866
0 40 40 0 3945 0.0673094 -0.00281715 0.207542 -0.000627518 -0.00172029 -0.00127436 1 2870
0 40 40 0 3945 0.0586128 -0.010479 0.145266 -0.000241041 -0.000626229 -0.000851214 1 2874
0 40 40 0 3945 0.0286579 0.0312939 0.0811539 -0.000477314 0.000125363 -0.000248283 1 2878
0 40 39 0 3945 0.0314741 0.0188484 0.136608 -0.00160897 -0.000982568 -0.0009069 1 2882
0 40 39 0 3945 0.0629368 0.00425148 0.114651 -0.000804424 -0.00171211 -0.000159875 1 2886
0 40 39 0 3945 0.078083 -0.0134926 0.113796 -0.000544071 -0.000790834 0.0002947 1 2890
0 40 39 0 3945 0.0719614 0.038168 0.104042 -0.000680566 -0.00191461 -0.000458241 1 2895
0 40 40 0 3945 0.0292873 -0.0253506 0.104351 -0.000381351 -0.000875741 0.00011377 1 2900
0 40 40 0 3945 0.0587845 -0.0139523 0.053627 -0.00111043 -0.00113822 -0.000421479 1 2905
0 40 39 0 3945 0.0334005 -0.0273952 0.129166 -0.00104737 -0.00188952 -0.000427842 1 2909
0 40 39 0 3945 0.0581322 -0.0438404 0.11573 -0.00157046 -0.00138472 -0.000283495 1 2913
0 40 40 0 3945 0.0301495 0.0166473 0.12471 -0.00137067 -0.000775196 -0.000623465 1 2918
0 40 40 0 3945 0.0537672 0.018055 0.137247 -0.00102377 -0.000929855 -0.000591919 1 2922
0 40 40 0 3945 0.0389061 -0.0205212 0.142056 -0.000712633 -0.000485644 -0.000142798 1 2926
0 40 40 0 3945 0.0437593 0.0200577 0.117231 -0.000535846 -0.000326313 -0.000332892 1 2930
0 40 39 0 3945 0.0390644 0.00346565 0.118305 -0.000198603 -0.000764348 -0.000916258 1 2935
0 40 40 0 3945 0.0788021 0.00156212 0.101622 -0.000309587 -0.00170466 -0.000582367 1 2939
0 40 39 0 3945 0.0719872 -0.00123787 0.150408 -0.000527143 -0.00191038 0.000178486 1 2943
0 40 40 0 3945 0.0598812 0.000589371 0.122652 -0.000840783 -0.00173634 -0.00100464 1 2948
0 40 39 0 3945 0.0425186 -0.00957298 0.118681 -0.00100029 -0.00129113 -0.000638068 1 2953
0 40 39 0 3945 0.00936699 0.00457764 0.197401 -0.000810146 -0.000960961 -0.00106601 1 2957
0 40 40 0 3945 0.0533619 -0.00854492 0.0932884 -0.00106561 -0.000386894 -0.000317633 1 2961
