stoptorque goal_current current velocity position Fx Fy Fz Mx My Mz counterclock Time
0 80 0 0 3989 -0.00132179 0.0710945 -0.0274944 0.00207007 -0.000886671 0.000191227 1 4
0 80 85 0 3989 0.0856915 0.0352783 -0.0181942 -0.000250936 -0.0029114 0.00192578 1 9
0 80 80 0 3989 -0.100835 -0.132362 0.147955 0.00644529 -0.00718677 0.0134055 1 14
0 80 79 4 3992 -0.399658 -0.0647812 0.203873 0.00206602 -0.0256782 0.00476542 1 19
0 80 77 9 3995 -0.64817 -0.19758 0.667942 0.0130794 -0.0530299 0.00301352 1 23
0 80 80 18 3999 -0.979823 -0.61525 0.774822 0.0223749 -0.08096 0.00345443 1 28
0 80 79 26 4003 -1.96889 -1.1272 0.385643 0.0376885 -0.108154 -0.000188589 1 33
0 80 78 34 4007 -3.13379 -0.690805 0.0781384 0.0411658 -0.163322 -0.00294301 1 38
0 80 83 38 4009 -3.67085 -0.848776 -0.305723 0.040283 -0.188114 -0.0190966 1 42
0 80 82 41 4011 -3.90672 -0.654362 -0.0607796 0.0426775 -0.202086 -0.0163159 1 47
0 80 80 37 4011 -3.87872 -0.74987 -0.449345 0.0483406 -0.202348 -0.0180439 1 52
0 80 79 30 4010 -3.55568 -0.574312 -0.76782 0.0385836 -0.201868 -0.0194259 1 56
0 80 80 22 4010 -3.44048 -0.615736 -0.765766 0.0377229 -0.199834 -0.0208221 1 61
0 80 79 13 4010 -3.36324 -0.540195 -0.562452 0.0422695 -0.195152 -0.0195687 1 66
0 80 79 5 4011 -3.35147 -0.609787 -0.610815 0.0386026 -0.193578 -0.0177125 1 71
0 80 80 0 4010 -3.4225 -0.663881 -0.728247 0.0387573 -0.19152 -0.0187505 1 76
0 80 79 0 4010 -3.37806 -0.570757 -0.656189 0.0427065 -0.191582 -0.0172814 1 80
0 80 80 0 4010 -3.32554 -0.634066 -0.63291 0.0385261 -0.190309 -0.017427 1 85
0 80 80 0 4010 -3.31153 -0.624916 -0.727863 0.0387628 -0.189535 -0.017269 1 90
0 80 81 0 4010 -3.27265 -0.683823 -0.699684 0.0396093 -0.188398 -0.0160911 1 96
0 80 80 0 4011 -3.3086 -0.638693 -0.688869 0.0380369 -0.187425 -0.0165812 1 101
0 80 80 0 4010 -3.30499 -0.524336 -0.734215 0.0411605 -0.188396 -0.0161204 1 105
0 80 80 0 4010 -3.26708 -0.563726 -0.68984 0.0408658 -0.18797 -0.015119 1 110
0 80 80 0 4010 -3.31092 -0.569206 -0.825968 0.0400568 -0.185103 -0.0171238 1 116
0 80 79 0 4010 -3.21393 -0.579063 -0.718634 0.0392482 -0.186786 -0.0162099 1 121
0 80 80 0 4010 -3.26962 -0.62801 -0.713173 0.0387027 -0.183462 -0.0159332 1 126
0 80 80 0 4010 -3.22951 -0.524488 -0.673307 0.0409746 -0.184997 -0.0154512 1 131
0 80 79 0 4010 -3.19378 -0.605686 -0.711111 0.0386721 -0.183352 -0.0152788 1 136
0 80 79 0 4010 -3.2576 -0.572115 -0.791674 0.0406892 -0.182111 -0.0160827 1 141
0 80 80 0 4010 -3.18381 -0.655941 -0.721449 0.0378458 -0.182294 -0.01537 1 146
0 80 80 0 4010 -3.23144 -0.543392 -0.800613 0.0417323 -0.182469 -0.0155759 1 151
0 80 79 0 4010 -3.2118 -0.530962 -0.785461 0.04117 -0.183086 -0.0153257 1 155
0 80 80 0 4010 -3.17722 -0.544327 -0.797026 0.0398129 -0.183381 -0.0149042 1 159
0 80 80 0 4010 -3.14076 -0.537655 -0.823681 0.0395086 -0.18281 -0.0153313 1 164
0 80 80 0 4010 -3.17853 -0.618206 -0.762705 0.038469 -0.179815 -0.0154424 1 168
0 80 80 0 4010 -3.22188 -0.62495 -0.859932 0.0397942 -0.179545 -0.0160747 1 172
0 80 79 0 4010 -3.24507 -0.600235 -0.856018 0.0387993 -0.179083 -0.0149283 1 176
0 80 79 0 4010 -3.21255 -0.571848 -0.854471 0.0395046 -0.179556 -0.0151765 1 180
0 80 79 0 4011 -3.2094 -0.494478 -0.789024 0.0407985 -0.180557 -0.0149898 1 184
0 80 79 0 4010 -3.19447 -0.522451 -0.873228 0.0408349 -0.180391 -0.0151847 1 188
0 80 80 0 4010 -3.14583 -0.554855 -0.825827 0.0395132 -0.181584 -0.0143043 1 192
0 80 79 0 4010 -3.09871 -0.546246 -0.786896 0.0391432 -0.181343 -0.014669 1 196
0 80 80 0 4011 -3.09638 -0.605154 -0.742203 0.0381513 -0.180124 -0.0149598 1 200
0 80 80 0 4010 -3.14822 -0.637821 -0.892939 0.0376736 -0.17839 -0.0153154 1 204
0 80 80 0 4010 -3.16266 -0.603821 -0.839567 0.0378301 -0.177202 -0.0147334 1 208
0 80 80 0 4010 -3.14194 -0.596487 -0.83292 0.0385349 -0.178337 -0.0149959 1 212
0 80 79 0 4010 -3.181 -0.561773 -0.857002 0.0403713 -0.177412 -0.0152099 1 216
0 80 79 0 4010 -3.20111 -0.570112 -0.8734 0.0398682 -0.178398 -0.0149725 1 220
0 80 79 0 4010 -3.16601 -0.515835 -0.881102 0.0399741 -0.179094 -0.015304 1 225
0 80 78 0 4010 -3.15478 -0.615553 -0.806301 0.0378431 -0.177774 -0.0149053 1 230
0 80 80 0 4010 -3.13921 -0.519539 -0.897715 0.040212 -0.179561 -0.015215 1 235
0 80 80 0 4010 -3.11666 -0.504223 -0.81255 0.0397809 -0.179117 -0.0145667 1 240
0 80 79 0 4010 -3.07125 -0.610264 -0.791983 0.0378162 -0.177914 -0.0149669 1 245
0 80 79 0 4010 -3.14707 -0.586245 -0.846508 0.0392531 -0.176353 -0.0150332 1 250
0 80 80 0 4010 -3.10777 -0.524912 -0.915884 0.0397581 -0.178563 -0.015457 1 255
0 80 80 0 4010 -3.12615 -0.577019 -0.914137 0.0394074 -0.175461 -0.0153383 1 260
0 80 80 0 4010 -3.15382 -0.559597 -0.815546 0.0398037 -0.176246 -0.0149587 1 265
0 80 80 0 4011 -3.08241 -0.540356 -0.822666 0.0389712 -0.17959 -0.0141311 1 270
0 80 79 0 4010 -3.10654 -0.610497 -0.829632 0.0380949 -0.176379 -0.0148107 1 275
0 80 80 0 4010 -3.0632 -0.539339 -0.855818 0.0393618 -0.178077 -0.013803 1 280
0 80 80 0 4010 -3.03806 -0.564335 -0.892262 0.0387564 -0.177661 -0.0151186 1 285
0 80 80 0 4010 -3.10557 -0.52985 -0.899849 0.0391971 -0.176181 -0.0151588 1 290
0 80 79 0 4010 -3.09629 -0.493567 -0.83494 0.0403832 -0.176814 -0.0141724 1 295
0 80 79 0 4010 -3.09277 -0.618088 -0.916849 0.0379287 -0.174107 -0.0148267 1 300
0 80 79 0 4010 -3.11886 -0.57366 -0.974812 0.0398561 -0.174063 -0.015237 1 304
0 80 78 0 4010 -3.06646 -0.518764 -0.918684 0.0399599 -0.176781 -0.0148376 1 309
0 80 80 0 4010 -3.07513 -0.55788 -0.84103 0.0386283 -0.176783 -0.0144328 1 313
0 80 79 0 4010 -3.07568 -0.629156 -0.928881 0.0364916 -0.174354 -0.0146184 1 318
0 80 80 0 4010 -3.06631 -0.629265 -0.85042 0.0370469 -0.174159 -0.0148739 1 322
0 80 78 0 4010 -3.08484 -0.509373 -0.899956 0.0406113 -0.175345 -0.0147658 1 327
0 80 80 0 4010 -3.13049 -0.520954 -0.865017 0.0396783 -0.175232 -0.0146277 1 331
0 80 79 0 4010 -3.08272 -0.49308 -0.89731 0.0396657 -0.175981 -0.0144151 1 335
0 80 80 0 4010 -3.03159 -0.489113 -0.861805 0.0394471 -0.17531 -0.0141381 1 339
0 80 79 0 4010 -3.04007 -0.50535 -0.95645 0.0396472 -0.176019 -0.0148157 1 343
0 80 79 0 4010 -3.02063 -0.54064 -0.847506 0.0386465 -0.176313 -0.0139726 1 347
0 80 79 0 4011 -2.98001 -0.554836 -0.858122 0.0383227 -0.176515 -0.014955 1 351
0 80 79 0 4010 -3.00794 -0.548141 -0.842165 0.0381818 -0.175702 -0.0148219 1 355
0 80 79 0 4010 -3.04115 -0.607622 -0.879166 0.0367541 -0.174989 -0.0149571 1 359
0 80 79 0 4010 -3.02855 -0.585979 -0.899164 0.0367589 -0.17412 -0.0149262 1 363
0 80 79 0 4010 -3.00992 -0.581463 -0.797842 0.0368642 -0.172929 -0.0138554 1 367
0 80 80 0 4010 -3.05445 -0.593109 -0.936792 0.0372254 -0.17194 -0.0151368 1 372
0 80 79 0 4010 -3.10224 -0.50465 -0.923729 0.0392832 -0.173361 -0.0144356 1 377
0 80 79 0 4010 -3.01725 -0.53826 -0.825418 0.0376334 -0.174677 -0.0140447 1 382
0 80 80 0 4010 -3.03955 -0.604933 -0.911077 0.0366054 -0.172392 -0.0145462 1 388
0 80 79 0 4010 -3.03629 -0.501404 -0.86499 0.0387294 -0.175612 -0.0137689 1 392
0 80 79 0 4010 -2.99822 -0.613771 -0.870844 0.0363153 -0.173243 -0.0156676 1 397
0 80 80 0 4010 -3.00848 -0.601206 -0.855953 0.037143 -0.172491 -0.014306 1 401
0 80 80 0 4010 -3.07015 -0.530104 -0.867775 0.0386448 -0.172373 -0.0149649 1 406
0 80 80 0 4010 -3.10839 -0.499407 -0.891142 0.0395359 -0.172222 -0.0146727 1 410
0 80 80 0 4010 -3.00086 -0.524828 -0.8617 0.0376835 -0.175286 -0.0138632 1 415
0 80 79 0 4010 -2.96426 -0.508942 -0.886957 0.0376261 -0.174403 -0.0140476 1 419
0 80 80 0 4010 -2.97538 -0.536337 -0.919018 0.0377885 -0.173154 -0.0145949 1 423
0 80 79 0 4010 -2.9937 -0.601425 -0.933596 0.0365579 -0.173275 -0.0146206 1 428
0 80 80 0 4010 -3.07444 -0.568832 -0.953327 0.0373216 -0.170913 -0.0142839 1 432
0 80 79 0 4010 -3.04877 -0.587101 -0.977573 0.0378714 -0.170468 -0.0150308 1 436
0 80 80 0 4010 -3.04864 -0.568825 -0.943249 0.038536 -0.171009 -0.0147811 1 440
0 80 80 0 4010 -3.07015 -0.564365 -0.918764 0.037845 -0.170899 -0.0143714 1 445
0 80 79 0 4010 -3.05355 -0.529934 -0.959484 0.0389874 -0.173664 -0.0149621 1 449
0 80 79 0 4010 -2.99759 -0.515627 -0.854652 0.0398034 -0.173044 -0.0141424 1 453
0 80 80 0 4010 -3.01398 -0.507914 -0.977861 0.0397888 -0.17358 -0.0149551 1 457
0 80 80 0 4010 -3.0251 -0.507076 -0.933455 0.0385678 -0.17367 -0.014492 1 461
0 80 80 0 4010 -2.99252 -0.46492 -0.898741 0.0391003 -0.173605 -0.0138774 1 465
0 80 80 0 4010 -3.0079 -0.494698 -0.939806 0.0392101 -0.173153 -0.0145798 1 469
0 80 79 0 4010 -3.00823 -0.498995 -0.94997 0.0385855 -0.17296 -0.0139935 1 473
0 80 80 0 4010 -2.95995 -0.489235 -0.949291 0.0383295 -0.173001 -0.0143502 1 477
0 80 79 0 4010 -2.97851 -0.510874 -0.895874 0.0385462 -0.173106 -0.0141479 1 481
0 80 80 0 4010 -2.95888 -0.553707 -0.90764 0.0376278 -0.174366 -0.0137025 1 485
0 80 80 0 4010 -2.94286 -0.539337 -0.944942 0.0371689 -0.173335 -0.0150143 1 489
0 80 79 0 4010 -2.98749 -0.548212 -0.918348 0.0382785 -0.172419 -0.0148207 1 493
0 80 80 0 4010 -2.98144 -0.548189 -0.873964 0.0369738 -0.173257 -0.0138503 1 497
0 80 80 0 4010 -2.97164 -0.543819 -0.942556 0.0368793 -0.172886 -0.0147714 1 501
0 80 79 0 4010 -2.96212 -0.55201 -0.907642 0.0377762 -0.172229 -0.0144889 1 505
0 80 79 0 4010 -2.95693 -0.576748 -0.897795 0.0368204 -0.172714 -0.0140953 1 509
0 80 80 0 4010 -2.91012 -0.540749 -0.901466 0.0369275 -0.172282 -0.0146584 1 513
0 80 79 0 4010 -2.93732 -0.568192 -0.905643 0.0375781 -0.172122 -0.0140081 1 517
0 80 80 0 4010 -2.96623 -0.595144 -0.934155 0.0377258 -0.171877 -0.0141626 1 521
0 80 80 0 4010 -2.93966 -0.585659 -0.945063 0.0371603 -0.1718 -0.014865 1 525
0 80 80 0 4010 -2.9371 -0.565353 -0.852674 0.0372472 -0.171664 -0.013763 1 529
0 80 79 0 4010 -2.96982 -0.594528 -0.916887 0.037028 -0.171819 -0.0138544 1 533
0 80 79 0 4010 -2.9586 -0.587982 -0.984638 0.0365565 -0.171021 -0.0149055 1 537
0 80 80 0 4010 -2.96737 -0.577282 -0.911386 0.0369987 -0.170247 -0.0145929 1 541
0 80 80 0 4010 -3.05116 -0.550694 -0.968195 0.038412 -0.169426 -0.0154362 1 546
0 80 79 0 4010 -3.05104 -0.5709 -0.947262 0.0379237 -0.169323 -0.0147084 1 551
0 80 79 0 4010 -2.94286 -0.55928 -0.884697 0.0374025 -0.172286 -0.0136372 1 556
0 80 80 0 4010 -2.89888 -0.548286 -0.931677 0.0368686 -0.172305 -0.0144505 1 561
0 80 79 0 4010 -3.02795 -0.50779 -1.04523 0.0387071 -0.16983 -0.0149835 1 566
0 80 79 0 4010 -2.99403 -0.505898 -0.937059 0.0397989 -0.169939 -0.0145788 1 571
0 80 79 0 4010 -2.92376 -0.518013 -0.893408 0.0373911 -0.171231 -0.0142532 1 576
0 80 79 0 4010 -2.97808 -0.585663 -0.936935 0.0363148 -0.170808 -0.0141383 1 581
0 80 79 0 4010 -3.03718 -0.53388 -0.910389 0.0387813 -0.169423 -0.0145795 1 586
0 80 79 0 4010 -3.01073 -0.472397 -0.952538 0.0383096 -0.170244 -0.0147299 1 591
0 80 80 0 4010 -2.90038 -0.565004 -1.00153 0.0365019 -0.170817 -0.0147171 1 597
0 80 80 0 4010 -2.94728 -0.566498 -0.92388 0.0361817 -0.168895 -0.0141956 1 602
0 80 79 0 4010 -3.01981 -0.51663 -0.962706 0.0384951 -0.168354 -0.0151394 1 607
0 80 79 0 4010 -3.01429 -0.493031 -0.947279 0.0393014 -0.170694 -0.0146068 1 612
0 80 79 0 4010 -2.96139 -0.528641 -0.948334 0.0372733 -0.171266 -0.0142723 1 617
0 80 79 0 4010 -2.9419 -0.606592 -1.03708 0.0363783 -0.169946 -0.0148876 1 622
0 80 80 0 4010 -2.99479 -0.568485 -0.997938 0.0377921 -0.167984 -0.01489 1 627
0 80 80 0 4010 -2.97861 -0.450556 -0.960445 0.0397666 -0.169587 -0.0138988 1 632
0 80 79 0 4010 -2.9342 -0.496315 -0.903837 0.0383335 -0.170494 -0.0143763 1 637
0 80 79 0 4010 -2.95085 -0.562408 -0.990402 0.036382 -0.168896 -0.0148666 1 642
0 80 78 0 4010 -2.96771 -0.507145 -1.01682 0.0386702 -0.170316 -0.014625 1 648
0 80 79 0 4010 -2.91655 -0.500233 -0.937771 0.0381255 -0.171092 -0.0136109 1 653
0 80 80 0 4011 -3.00591 -0.587105 -0.96702 0.0365731 -0.168053 -0.0145219 1 658
0 80 80 0 4010 -2.94662 -0.579964 -0.9319 0.0365763 -0.167652 -0.0147213 1 663
0 80 80 0 4010 -2.91802 -0.49839 -0.931562 0.03912 -0.170399 -0.0145846 1 668
0 80 79 0 4010 -2.97642 -0.484322 -1.01452 0.0398328 -0.169844 -0.0146581 1 673
0 80 79 0 4010 -2.97501 -0.602652 -1.0146 0.0366179 -0.167583 -0.014512 1 678
0 80 80 0 4010 -2.93009 -0.593554 -1.0201 0.0357547 -0.168521 -0.0149035 1 683
0 80 79 0 4010 -2.99142 -0.477924 -1.00615 0.0389769 -0.169419 -0.0140541 1 688
0 80 79 0 4010 -2.98714 -0.460907 -0.975708 0.0396191 -0.168423 -0.0146822 1 693
0 80 79 0 4010 -2.90731 -0.59482 -0.92704 0.0364082 -0.168853 -0.0143796 1 699
0 80 80 0 4010 -2.99543 -0.57708 -1.06872 0.0379061 -0.166506 -0.0152979 1 703
0 80 80 0 4010 -3.01591 -0.486763 -1.03275 0.0387857 -0.167894 -0.0145868 1 708
0 80 80 0 4010 -2.97501 -0.49711 -1.04553 0.0385289 -0.168586 -0.0152123 1 713
0 80 80 0 4010 -2.90679 -0.517605 -0.942175 0.03657 -0.16989 -0.0141349 1 718
0 80 80 0 4010 -2.94185 -0.526527 -0.927021 0.0373119 -0.169723 -0.0142342 1 722
0 80 79 0 4010 -2.93778 -0.506464 -0.950602 0.0369884 -0.170263 -0.0143492 1 727
0 80 79 0 4010 -2.89988 -0.558754 -0.963495 0.0358304 -0.169017 -0.0153015 1 732
0 80 80 0 4010 -2.93584 -0.55876 -0.952827 0.037148 -0.167144 -0.0145855 1 737
0 80 79 0 4010 -3.00033 -0.526917 -0.956793 0.0385208 -0.166244 -0.014862 1 742
0 80 79 0 4010 -2.99176 -0.477131 -0.999224 0.0383672 -0.167969 -0.0150737 1 747
0 80 79 0 4010 -2.97983 -0.485943 -1.00503 0.0385108 -0.169985 -0.0146787 1 752
0 80 80 0 4010 -2.8728 -0.519634 -0.99299 0.0375968 -0.169674 -0.0140065 1 756
0 80 80 0 4010 -2.91777 -0.545238 -0.987177 0.0379684 -0.16975 -0.0148141 1 759
0 80 80 0 4010 -2.92605 -0.524532 -1.00472 0.0383394 -0.170049 -0.0145061 1 764
0 80 79 0 4010 -2.89042 -0.484957 -0.908777 0.0386696 -0.169902 -0.0141384 1 768
0 80 80 0 4010 -2.9524 -0.487122 -0.994547 0.0394739 -0.168587 -0.0148852 1 771
0 80 80 0 4010 -2.9311 -0.561584 -1.00818 0.036447 -0.167033 -0.014865 1 777
0 80 79 0 4010 -2.89471 -0.586113 -0.992258 0.0355747 -0.167535 -0.014532 1 782
0 80 80 0 4010 -2.88851 -0.576904 -0.917946 0.0364904 -0.168041 -0.0141647 1 786
0 80 80 0 4010 -2.90146 -0.610304 -1.01506 0.036369 -0.168066 -0.0142349 1 790
0 80 79 0 4010 -2.87529 -0.521965 -1.02182 0.0365411 -0.168635 -0.0149851 1 795
0 80 79 0 4010 -2.90807 -0.582542 -0.964661 0.036453 -0.166765 -0.0151776 1 799
0 80 79 0 4010 -2.92391 -0.586575 -0.986233 0.0360518 -0.166297 -0.0148586 1 803
0 80 80 0 4010 -3.00338 -0.540026 -1.04896 0.0370513 -0.165949 -0.0146477 1 808
0 80 80 0 4010 -2.93599 -0.558678 -0.974127 0.0371802 -0.166233 -0.0149745 1 813
0 80 79 0 4010 -2.91475 -0.4765 -0.969315 0.0392798 -0.168955 -0.0143342 1 818
0 80 80 0 4010 -2.9543 -0.474218 -1.03538 0.0388943 -0.168318 -0.0148891 1 822
0 80 80 0 4010 -2.9785 -0.473936 -1.05274 0.0387301 -0.168522 -0.0153709 1 827
0 80 80 0 4010 -2.87712 -0.478722 -0.988836 0.0383798 -0.168453 -0.0147067 1 831
0 80 79 0 4010 -2.87806 -0.568253 -0.925348 0.0372529 -0.167983 -0.0142281 1 836
0 80 79 0 4010 -2.89264 -0.595686 -1.02133 0.0369302 -0.167941 -0.0140703 1 841
0 80 79 0 4010 -2.91018 -0.53466 -1.02245 0.0351728 -0.167322 -0.01457 1 846
0 80 79 0 4010 -2.93096 -0.54731 -0.958431 0.0369029 -0.16624 -0.014945 1 851
0 80 79 0 4010 -2.97171 -0.512688 -1.03684 0.039062 -0.166123 -0.0149335 1 856
0 80 79 0 4011 -2.95294 -0.496861 -1.07185 0.0383456 -0.167354 -0.014763 1 860
0 80 79 0 4010 -2.95479 -0.465727 -1.0414 0.0387415 -0.167945 -0.0150006 1 865
0 80 80 0 4010 -2.89079 -0.442093 -1.00173 0.0383025 -0.167933 -0.0143659 1 870
0 80 79 0 4010 -2.90777 -0.526117 -0.97876 0.0372829 -0.168171 -0.0148756 1 874
0 80 79 0 4010 -2.90725 -0.509281 -0.984053 0.0376973 -0.168691 -0.0140546 1 879
0 80 80 0 4010 -2.86157 -0.562332 -1.04792 0.0361402 -0.167901 -0.0148426 1 884
0 80 79 0 4010 -2.92497 -0.590649 -0.973539 0.0362767 -0.166005 -0.0145449 1 889
0 80 79 0 4010 -2.96847 -0.554707 -1.03597 0.0380206 -0.164606 -0.014724 1 894
0 80 79 0 4010 -3.0107 -0.464893 -1.00191 0.0384849 -0.16577 -0.0142199 1 899
0 80 79 0 4010 -2.91503 -0.473717 -0.999424 0.0384377 -0.168632 -0.0151371 1 904
0 80 80 0 4010 -2.85763 -0.517799 -1.03471 0.0375496 -0.167854 -0.0151486 1 909
0 80 79 0 4010 -2.8816 -0.595314 -0.959976 0.0369215 -0.166747 -0.0143484 1 913
0 80 80 0 4010 -2.9485 -0.535564 -1.01801 0.0369359 -0.164817 -0.0146894 1 919
0 80 79 0 4010 -2.97955 -0.519808 -0.965912 0.0372204 -0.165045 -0.014144 1 922
0 80 79 0 4010 -2.90599 -0.50288 -1.03352 0.0376416 -0.167622 -0.0138042 1 929
0 80 79 0 4010 -2.87337 -0.442253 -1.05783 0.0382518 -0.168155 -0.0144599 1 934
0 80 79 0 4010 -2.86869 -0.523153 -0.997501 0.0371751 -0.167267 -0.0145004 1 939
0 80 80 0 4010 -2.91027 -0.545895 -0.994099 0.0367602 -0.165827 -0.0146984 1 944
0 80 80 0 4010 -2.96546 -0.537289 -0.982471 0.0364121 -0.164897 -0.0141021 1 949
0 80 80 0 4010 -2.92029 -0.530523 -1.08899 0.0374715 -0.165451 -0.0154273 1 954
0 80 80 0 4010 -2.92356 -0.45805 -1.04733 0.0391423 -0.16586 -0.0142013 1 959
0 80 79 0 4010 -2.92147 -0.47752 -1.01903 0.038278 -0.166889 -0.0150517 1 963
0 80 80 0 4010 -2.87951 -0.533281 -0.948158 0.0372597 -0.167775 -0.0139426 1 968
0 80 79 0 4010 -2.85307 -0.532232 -1.05762 0.0363905 -0.166776 -0.0145189 1 973
0 80 79 0 4010 -2.96103 -0.533226 -1.06647 0.0371654 -0.164608 -0.0153952 1 979
0 80 79 0 4010 -2.95411 -0.550533 -1.02924 0.0375997 -0.16404 -0.0157525 1 984
0 80 79 0 4010 -2.98005 -0.523853 -1.04141 0.0380666 -0.165559 -0.0149849 1 989
0 80 79 0 4010 -2.95008 -0.462469 -1.09022 0.0389491 -0.165915 -0.0145339 1 993
0 80 79 0 4010 -2.90097 -0.427742 -1.00312 0.0390161 -0.166239 -0.0145074 1 998
0 80 80 0 4011 -2.89467 -0.471489 -0.979681 0.0380907 -0.167458 -0.0147585 1 1003
0 80 80 0 4010 -2.8605 -0.54715 -1.00353 0.0369 -0.16702 -0.0139459 1 1008
0 80 80 0 4010 -2.86273 -0.525436 -1.07054 0.0362285 -0.166087 -0.0149412 1 1014
0 80 80 0 4010 -2.86989 -0.54101 -0.984409 0.0363086 -0.165024 -0.0143986 1 1018
0 80 80 0 4010 -2.94197 -0.565502 -1.04382 0.0368179 -0.164853 -0.0151262 1 1023
0 80 79 0 4010 -2.98678 -0.480652 -1.08311 0.0385259 -0.164619 -0.0148221 1 1029
0 80 79 0 4010 -2.95685 -0.468746 -1.08908 0.0384357 -0.165134 -0.0154855 1 1034
0 80 79 0 4010 -2.90962 -0.48004 -1.06505 0.039215 -0.16591 -0.0147757 1 1039
0 80 79 0 4010 -2.89918 -0.474792 -1.02846 0.0387168 -0.167115 -0.0143126 1 1043
0 80 79 0 4010 -2.86697 -0.502705 -0.960888 0.0373694 -0.167229 -0.0134849 1 1049
0 80 79 0 4010 -2.8677 -0.523563 -1.03176 0.0359677 -0.166354 -0.0144743 1 1054
0 80 79 0 4010 -2.85846 -0.587963 -0.98592 0.036171 -0.164928 -0.0149203 1 1058
0 80 79 0 4010 -2.93432 -0.549477 -1.08998 0.0374291 -0.162959 -0.0149556 1 1063
0 80 79 0 4010 -2.97289 -0.493059 -1.05414 0.0379733 -0.164513 -0.0142988 1 1069
0 80 80 0 4010 -2.93715 -0.437355 -1.08389 0.0388612 -0.166055 -0.015117 1 1073
0 80 79 0 4010 -2.81732 -0.550766 -1.07224 0.0362952 -0.16649 -0.0150573 1 1078
0 80 79 0 4010 -2.84283 -0.496344 -1.03596 0.0380596 -0.166564 -0.0143605 1 1083
0 80 80 0 4010 -2.87114 -0.538767 -0.968729 0.035794 -0.166276 -0.0142265 1 1089
0 80 80 0 4010 -2.84835 -0.567762 -1.02179 0.0359464 -0.16553 -0.0153122 1 1093
0 80 80 0 4010 -2.86 -0.587091 -0.98094 0.036221 -0.164427 -0.0144724 1 1098
0 80 79 0 4010 -2.90873 -0.545103 -1.02622 0.0365195 -0.163571 -0.014755 1 1103
0 80 80 0 4010 -2.95241 -0.529264 -0.981562 0.0370195 -0.163207 -0.014813 1 1108
0 80 80 0 4010 -2.89769 -0.537056 -1.11053 0.0373729 -0.16409 -0.0155598 1 1113
0 80 78 0 4010 -2.95359 -0.466604 -1.07067 0.0389152 -0.164153 -0.015199 1 1118
0 80 79 0 4010 -2.91277 -0.457489 -1.04319 0.0388864 -0.165662 -0.0144482 1 1123
0 80 78 0 4010 -2.84904 -0.569435 -1.02703 0.0363768 -0.165553 -0.0142022 1 1128
0 80 80 0 4010 -2.80912 -0.535107 -1.05416 0.0367274 -0.165938 -0.0145702 1 1132
0 80 79 0 4010 -2.84096 -0.466396 -1.02277 0.0385954 -0.165815 -0.0141185 1 1136
0 80 80 0 4011 -2.89471 -0.431049 -1.07231 0.0386016 -0.166046 -0.0143272 1 1140
0 80 80 0 4010 -2.9162 -0.444914 -1.05075 0.0391959 -0.164333 -0.0142985 1 1145
0 80 79 0 4010 -2.90933 -0.460781 -1.02896 0.0390695 -0.165766 -0.0146715 1 1150
0 80 79 0 4010 -2.86119 -0.494419 -0.945103 0.0371718 -0.166667 -0.0137934 1 1154
0 80 80 0 4010 -2.86586 -0.460726 -1.03887 0.0388921 -0.165847 -0.0148743 1 1159
0 80 80 0 4010 -2.8435 -0.455641 -1.01657 0.0384228 -0.16575 -0.0143133 1 1164
0 80 79 0 4010 -2.86611 -0.521973 -0.959764 0.0355603 -0.16582 -0.0139098 1 1169
0 80 79 0 4010 -2.8465 -0.553026 -1.02579 0.0353732 -0.165206 -0.0155295 1 1174
0 80 79 0 4010 -2.86095 -0.578167 -1.03086 0.0363895 -0.163559 -0.0147824 1 1179
0 80 79 0 4010 -2.90067 -0.555212 -1.11839 0.0369648 -0.162995 -0.0155132 1 1184
0 80 80 0 4010 -2.93145 -0.522552 -1.01257 0.036698 -0.163442 -0.0147173 1 1189
0 80 80 0 4010 -2.91301 -0.487972 -1.14624 0.0380231 -0.163478 -0.015325 1 1194
0 80 80 0 4010 -2.90039 -0.457912 -1.05791 0.0384443 -0.163801 -0.0149485 1 1199
0 80 80 0 4010 -2.92069 -0.474545 -1.05454 0.0388381 -0.164321 -0.0148528 1 1204
0 80 80 0 4010 -2.88702 -0.473377 -1.06848 0.0381507 -0.166355 -0.0143926 1 1209
0 80 79 0 4011 -2.8085 -0.482399 -1.05208 0.0374905 -0.165375 -0.0147799 1 1214
0 80 79 0 4010 -2.84361 -0.486206 -0.976471 0.0367858 -0.166248 -0.0142551 1 1219
0 80 79 0 4010 -2.8243 -0.589314 -0.999527 0.0363173 -0.165467 -0.0145644 1 1223
0 80 80 0 4010 -2.8556 -0.561872 -1.09959 0.0347666 -0.163524 -0.0146275 1 1229
0 80 80 0 4010 -2.88426 -0.518753 -1.0485 0.0361892 -0.162199 -0.0151294 1 1234
0 80 80 0 4010 -2.92679 -0.541645 -1.04003 0.0377899 -0.163336 -0.0154389 1 1239
0 80 80 0 4010 -2.90573 -0.506107 -1.08683 0.0376558 -0.162426 -0.014301 1 1243
0 80 79 0 4010 -2.88514 -0.52397 -1.05782 0.0367202 -0.162223 -0.0151399 1 1247
0 80 79 0 4010 -2.86196 -0.570892 -1.09879 0.0365453 -0.162773 -0.0151429 1 1252
0 80 79 0 4010 -2.9162 -0.55826 -1.06044 0.0363603 -0.16194 -0.0149873 1 1257
0 80 79 0 4010 -2.90193 -0.527134 -1.06445 0.0377342 -0.163474 -0.0153467 1 1262
0 80 80 0 4011 -2.8887 -0.461267 -1.06744 0.0389556 -0.163164 -0.0142066 1 1267
0 80 79 0 4010 -2.92225 -0.444134 -1.03452 0.0383171 -0.164073 -0.0144565 1 1271
0 80 80 0 4010 -2.92489 -0.481586 -1.08395 0.0376147 -0.163307 -0.0154038 1 1276
0 80 80 0 4010 -2.89619 -0.485022 -1.07083 0.0390635 -0.163347 -0.0150334 1 1281
0 80 79 0 4010 -2.93701 -0.469618 -1.09763 0.0385425 -0.164216 -0.0141163 1 1286
0 80 80 0 4011 -2.9126 -0.436497 -1.10157 0.0379995 -0.164364 -0.0151714 1 1290
0 80 79 0 4010 -2.9259 -0.476147 -1.0704 0.0384095 -0.163016 -0.0147174 1 1295
0 80 80 0 4010 -2.9261 -0.507917 -1.11262 0.0383961 -0.16315 -0.0147327 1 1300
0 80 79 0 4010 -2.92458 -0.428417 -1.1262 0.0385251 -0.164053 -0.0153818 1 1305
0 80 80 0 4010 -2.85591 -0.443012 -0.962873 0.0391512 -0.165126 -0.0149926 1 1310
0 80 80 0 4010 -2.87382 -0.483349 -1.07682 0.0383884 -0.164797 -0.0146104 1 1315
0 80 80 0 4010 -2.87599 -0.445839 -1.0774 0.0380208 -0.164361 -0.0145133 1 1320
0 80 80 0 4010 -2.85751 -0.462858 -1.08077 0.0387319 -0.165094 -0.0147801 1 1325
0 80 80 0 4010 -2.85922 -0.480425 -1.06267 0.0383657 -0.164706 -0.0143897 1 1330
0 80 80 0 4010 -2.8521 -0.445679 -1.02402 0.0372633 -0.166077 -0.0139804 1 1335
0 80 80 0 4010 -2.76785 -0.489805 -1.00901 0.0373054 -0.165406 -0.0144052 1 1339
0 80 79 0 4010 -2.84223 -0.466991 -1.03371 0.0386921 -0.164939 -0.014661 1 1344
0 80 80 0 4010 -2.86864 -0.532364 -1.04642 0.0365856 -0.16423 -0.0143129 1 1349
0 80 79 0 4010 -2.80944 -0.472704 -1.05159 0.0370644 -0.165384 -0.0147278 1 1353
0 80 79 0 4010 -2.98013 -0.49218 -1.07096 0.037701 -0.161968 -0.014614 1 1357
0 80 80 0 4010 -2.89863 -0.485308 -1.15774 0.0376456 -0.163261 -0.0150408 1 1361
0 80 80 0 4010 -2.85123 -0.578989 -1.01136 0.0355263 -0.163168 -0.0147025 1 1365
0 80 79 0 4010 -2.79091 -0.54261 -1.08621 0.0363019 -0.16504 -0.0149442 1 1369
0 80 80 0 4010 -2.84187 -0.493193 -1.10116 0.0383598 -0.165171 -0.0149481 1 1373
0 80 80 0 4010 -2.80689 -0.476719 -1.04525 0.0370101 -0.164778 -0.0139899 1 1377
0 80 79 0 4010 -2.88096 -0.489887 -1.03401 0.0382862 -0.16241 -0.0141484 1 1381
0 80 80 0 4010 -2.94012 -0.492489 -1.03544 0.0377707 -0.162342 -0.0148252 1 1386
0 80 79 0 4011 -2.90427 -0.468143 -1.15693 0.038478 -0.16319 -0.0152944 1 1391
0 80 80 0 4010 -2.90008 -0.435083 -1.07545 0.0395724 -0.16311 -0.0145011 1 1396
0 80 79 0 4010 -2.88597 -0.452888 -1.05143 0.0387543 -0.163898 -0.014824 1 1401
0 80 80 0 4010 -2.85159 -0.4566 -1.06931 0.0381403 -0.164849 -0.014324 1 1406
0 80 79 0 4010 -2.81572 -0.452499 -1.04989 0.0378557 -0.163614 -0.0146477 1 1411
0 80 79 0 4010 -2.84463 -0.463184 -1.07275 0.0382159 -0.164766 -0.0153141 1 1416
0 80 79 0 4010 -2.82118 -0.486103 -1.08538 0.0372722 -0.164732 -0.0141117 1 1421
0 80 79 0 4010 -2.81093 -0.456125 -1.0399 0.0368685 -0.164524 -0.014542 1 1426
0 80 79 0 4010 -2.80637 -0.498585 -1.07601 0.0376983 -0.164667 -0.0145035 1 1431
0 80 79 0 4010 -2.81965 -0.526138 -1.05798 0.0358522 -0.163998 -0.0140644 1 1435
0 80 80 0 4010 -2.78919 -0.414053 -1.05981 0.0377299 -0.164232 -0.0138777 1 1440
0 80 79 0 4011 -2.8573 -0.457834 -1.07609 0.0383741 -0.164705 -0.0150422 1 1445
0 80 80 0 4010 -2.82275 -0.466524 -1.09426 0.0380553 -0.1649 -0.013833 1 1450
0 80 79 0 4010 -2.80585 -0.460827 -1.04477 0.0380731 -0.164304 -0.014542 1 1455
0 80 80 0 4010 -2.81133 -0.473581 -1.06556 0.0372012 -0.164521 -0.0148691 1 1460
0 80 80 0 4010 -2.80843 -0.513803 -1.0517 0.0363955 -0.164268 -0.0138291 1 1465
0 80 80 0 4010 -2.78284 -0.480827 -1.0505 0.0367761 -0.165174 -0.014582 1 1470
0 80 80 0 4010 -2.78668 -0.480446 -1.07395 0.0373859 -0.164652 -0.014575 1 1474
0 80 79 0 4010 -2.81806 -0.504831 -1.05883 0.0366005 -0.164554 -0.0143646 1 1480
0 80 79 0 4010 -2.77745 -0.524105 -1.1028 0.0362861 -0.163876 -0.0147789 1 1485
0 80 78 0 4010 -2.7733 -0.507881 -1.01685 0.0366942 -0.163107 -0.0139765 1 1490
0 80 79 0 4010 -2.82155 -0.551167 -0.974688 0.0358784 -0.163244 -0.0147319 1 1495
0 80 79 0 4010 -2.82479 -0.523434 -1.09581 0.0359336 -0.162529 -0.0151284 1 1500
0 80 80 0 4010 -2.82885 -0.544991 -1.02985 0.0351871 -0.161745 -0.0146716 1 1505
0 80 79 0 4010 -2.85761 -0.591978 -1.08035 0.0363172 -0.162064 -0.0154513 1 1510
0 80 79 0 4010 -2.84024 -0.540791 -1.14136 0.0359731 -0.162189 -0.0145563 1 1515
0 80 79 0 4010 -2.81809 -0.518328 -1.01417 0.0362201 -0.161154 -0.0147312 1 1520
0 80 80 0 4010 -2.89054 -0.579813 -1.092 0.0371387 -0.161084 -0.0155396 1 1525
0 80 80 0 4010 -2.85949 -0.531227 -1.10946 0.0356658 -0.160826 -0.0146668 1 1530
0 80 80 0 4010 -2.87613 -0.545538 -1.08253 0.0364888 -0.161372 -0.0152642 1 1534
0 80 79 0 4010 -2.87 -0.530045 -1.10013 0.0375898 -0.161117 -0.0151545 1 1540
0 80 79 0 4011 -2.91791 -0.481792 -1.05436 0.0373445 -0.16106 -0.0142355 1 1545
0 80 80 0 4010 -2.85598 -0.515478 -1.12383 0.0367609 -0.161066 -0.0151796 1 1550
0 80 80 0 4010 -2.90326 -0.522047 -1.11954 0.0378937 -0.160811 -0.014611 1 1555
0 80 79 0 4010 -2.92149 -0.544069 -1.06312 0.0375698 -0.16116 -0.0147573 1 1560
0 80 80 0 4010 -2.85561 -0.498966 -1.1297 0.0369872 -0.160892 -0.0150279 1 1565
0 80 80 0 4010 -2.92338 -0.453476 -1.08867 0.0382148 -0.161194 -0.0149027 1 1570
0 80 80 0 4010 -2.864 -0.521719 -1.03501 0.0359912 -0.160737 -0.0141969 1 1575
0 80 79 0 4010 -2.87883 -0.490265 -1.13085 0.037662 -0.161398 -0.0155158 1 1580
0 80 80 0 4011 -2.91579 -0.488073 -1.14406 0.0378919 -0.16138 -0.0149223 1 1585
0 80 80 0 4010 -2.8983 -0.49613 -1.1005 0.0379672 -0.161062 -0.0146288 1 1590
0 80 80 0 4010 -2.8731 -0.440893 -1.0885 0.0378343 -0.161381 -0.0153256 1 1595
0 80 80 0 4010 -2.89627 -0.51091 -1.10223 0.0380304 -0.160999 -0.0151464 1 1600
0 80 80 0 4010 -2.83797 -0.554949 -1.12568 0.0349898 -0.161034 -0.0142504 1 1605
0 80 79 0 4010 -2.83801 -0.437935 -1.09976 0.0380883 -0.16375 -0.0142968 1 1611
0 80 79 0 4010 -2.85168 -0.408319 -1.07897 0.0384485 -0.162798 -0.0146006 1 1616
0 80 79 0 4010 -2.86486 -0.47562 -1.16068 0.0385436 -0.162424 -0.0149172 1 1621
0 80 80 0 4010 -2.85306 -0.514874 -1.14417 0.0372524 -0.161295 -0.015664 1 1626
0 80 80 0 4010 -2.83679 -0.431767 -1.01055 0.0390468 -0.163291 -0.0147292 1 1631
0 80 79 0 4010 -2.89826 -0.469757 -1.0822 0.0377618 -0.161541 -0.0147738 1 1635
0 80 79 0 4010 -2.83901 -0.456741 -1.11345 0.0375928 -0.163224 -0.0148993 1 1641
0 80 79 0 4010 -2.82733 -0.451088 -1.10172 0.0383739 -0.163147 -0.0145551 1 1646
0 80 79 0 4010 -2.8742 -0.431273 -1.12773 0.0387573 -0.16209 -0.0151259 1 1651
0 80 79 0 4010 -2.84111 -0.450191 -1.16883 0.0376804 -0.1637 -0.014626 1 1656
0 80 79 0 4010 -2.8555 -0.429699 -1.07654 0.0389462 -0.161383 -0.0141616 1 1661
0 80 79 0 4010 -2.90258 -0.511127 -1.08226 0.0363737 -0.160361 -0.0146891 1 1666
0 80 79 0 4010 -2.85188 -0.479967 -1.15544 0.037545 -0.161268 -0.0150446 1 1671
0 80 79 0 4010 -2.89307 -0.525284 -1.11621 0.0377407 -0.160566 -0.0157091 1 1676
0 80 79 0 4010 -2.86062 -0.517065 -1.07463 0.0365471 -0.160654 -0.0147115 1 1681
0 80 80 0 4010 -2.83023 -0.542795 -1.03003 0.0364077 -0.161087 -0.0148906 1 1686
0 80 79 0 4010 -2.82909 -0.553844 -1.12859 0.036299 -0.160295 -0.0146338 1 1691
0 80 79 0 4010 -2.86326 -0.541128 -1.06766 0.0354856 -0.160309 -0.0150969 1 1696
0 80 79 0 4010 -2.80164 -0.569221 -1.09764 0.0355991 -0.161362 -0.0146273 1 1701
0 80 79 0 4010 -2.81637 -0.538588 -1.08049 0.0357203 -0.161403 -0.0147254 1 1706
0 80 79 0 4010 -2.78084 -0.530371 -1.13354 0.0353614 -0.162436 -0.0146876 1 1711
0 80 79 0 4010 -2.82642 -0.46851 -1.1363 0.0379624 -0.162547 -0.0148538 1 1716
0 80 79 0 4010 -2.80488 -0.536579 -1.08703 0.0362637 -0.162892 -0.0141799 1 1721
0 80 79 0 4010 -2.77847 -0.428707 -1.09528 0.0379745 -0.16335 -0.0138341 1 1726
0 80 79 0 4010 -2.78155 -0.479479 -1.05826 0.0374217 -0.163099 -0.014911 1 1731
0 80 79 0 4010 -2.80317 -0.466328 -1.02341 0.0366586 -0.163207 -0.0139371 1 1736
0 80 79 0 4010 -2.76478 -0.445925 -1.02984 0.0383637 -0.163572 -0.0144072 1 1741
0 80 79 0 4010 -2.82358 -0.44025 -1.10827 0.0381576 -0.1623 -0.0151382 1 1746
0 80 79 0 4010 -2.82698 -0.445515 -1.15069 0.0379127 -0.164052 -0.0147865 1 1751
0 80 79 0 4010 -2.88046 -0.487814 -1.07016 0.0380794 -0.160725 -0.014943 1 1756
0 80 79 0 4010 -2.8545 -0.487017 -1.0662 0.0380619 -0.162639 -0.0149743 1 1761
0 80 79 0 4010 -2.86379 -0.539486 -1.15498 0.03659 -0.160569 -0.015655 1 1766
0 80 79 0 4010 -2.89112 -0.472832 -1.12023 0.0374525 -0.159849 -0.0148784 1 1771
0 80 79 0 4010 -2.7937 -0.5446 -1.11327 0.0358721 -0.162011 -0.0147722 1 1776
0 80 78 0 4010 -2.84525 -0.542379 -1.0821 0.0361693 -0.160165 -0.0153451 1 1781
0 80 79 0 4011 -2.79809 -0.568966 -1.07976 0.0356706 -0.16253 -0.0143764 1 1785
0 80 79 0 4010 -2.77092 -0.442564 -1.01852 0.0382831 -0.163134 -0.0146454 1 1790
0 80 80 0 4010 -2.83827 -0.408745 -1.12376 0.0387876 -0.162585 -0.0148292 1 1795
0 80 80 0 4010 -2.85232 -0.453606 -1.1884 0.0388294 -0.162401 -0.0151819 1 1800
0 80 80 0 4010 -2.85942 -0.443075 -1.08341 0.0384932 -0.160969 -0.0146262 1 1804
0 80 79 0 4010 -2.85993 -0.4925 -1.08763 0.0374343 -0.160544 -0.0145041 1 1809
0 80 79 0 4010 -2.8185 -0.497635 -1.13189 0.0365378 -0.160301 -0.0154454 1 1814
0 80 80 0 4010 -2.82973 -0.576706 -1.07985 0.0355992 -0.161021 -0.0148756 1 1818
0 80 80 0 4010 -2.75889 -0.475956 -1.15229 0.0376842 -0.163097 -0.014578 1 1822
0 80 80 0 4010 -2.87739 -0.467045 -1.17934 0.0382278 -0.161313 -0.0148019 1 1827
0 80 79 0 4010 -2.85304 -0.447615 -1.18995 0.0381662 -0.161604 -0.0150618 1 1831
0 80 80 0 4010 -2.88674 -0.529287 -1.14165 0.0370389 -0.159826 -0.0154442 1 1835
0 80 79 0 4010 -2.77226 -0.549059 -1.08759 0.0353299 -0.161817 -0.0145893 1 1839
0 80 79 0 4010 -2.76287 -0.459492 -1.06542 0.0376956 -0.162519 -0.0147261 1 1844
0 80 79 0 4010 -2.81739 -0.420557 -1.08075 0.0384078 -0.163776 -0.0143946 1 1849
0 80 79 0 4010 -2.78637 -0.42054 -1.0815 0.0384231 -0.162222 -0.0143474 1 1853
0 80 79 0 4011 -2.89973 -0.460052 -1.10017 0.0375928 -0.159526 -0.0143996 1 1858
0 80 79 0 4010 -2.83538 -0.446762 -1.17749 0.0378383 -0.161919 -0.0151066 1 1863
0 80 80 0 4010 -2.85308 -0.512402 -1.1756 0.0378158 -0.158549 -0.0150613 1 1868
0 80 79 0 4010 -2.84697 -0.546219 -1.16443 0.0361159 -0.160293 -0.0148566 1 1873
0 80 80 0 4010 -2.80515 -0.540005 -1.0421 0.0353916 -0.160015 -0.0142247 1 1878
0 80 80 0 4010 -2.75547 -0.560957 -1.01463 0.0357662 -0.161848 -0.0144022 1 1883
0 80 79 0 4010 -2.73598 -0.481403 -1.06421 0.0359246 -0.162761 -0.0145815 1 1887
0 80 80 0 4010 -2.79457 -0.456051 -1.09843 0.0377446 -0.162564 -0.0147204 1 1892
0 80 80 0 4010 -2.83477 -0.44796 -1.15234 0.038294 -0.161766 -0.0148595 1 1897
0 80 79 0 4010 -2.87131 -0.471395 -1.12582 0.0380837 -0.159806 -0.0150565 1 1901
0 80 80 0 4010 -2.8291 -0.543924 -1.10406 0.0357679 -0.160546 -0.0145053 1 1905
0 80 80 0 4010 -2.75638 -0.522833 -1.07046 0.0365005 -0.16185 -0.0144061 1 1910
0 80 79 0 4011 -2.78644 -0.465057 -1.06087 0.0368342 -0.16321 -0.0138492 1 1915
0 80 80 0 4010 -2.76313 -0.44857 -1.10942 0.0376769 -0.16246 -0.0141138 1 1919
0 80 80 0 4010 -2.89109 -0.463299 -1.11641 0.0380633 -0.160122 -0.0141025 1 1923
0 80 80 0 4010 -2.85037 -0.512127 -1.11994 0.0369587 -0.160236 -0.0152078 1 1928
0 80 80 0 4010 -2.82291 -0.567287 -1.10201 0.0355529 -0.160802 -0.0150423 1 1932
0 80 80 0 4010 -2.75348 -0.459473 -1.15452 0.0368737 -0.162102 -0.0147943 1 1937
0 80 80 0 4010 -2.75621 -0.473181 -1.10682 0.0376343 -0.161804 -0.014454 1 1942
0 80 80 0 4010 -2.86193 -0.401598 -1.14634 0.038082 -0.161678 -0.0145467 1 1947
0 80 79 0 4011 -2.80363 -0.403641 -1.0747 0.0386997 -0.161146 -0.0143631 1 1952
0 80 80 0 4010 -2.89524 -0.526043 -1.15053 0.0362617 -0.159079 -0.0149185 1 1956
0 80 79 0 4010 -2.77016 -0.508732 -0.992813 0.0361797 -0.161189 -0.0148157 1 1961
0 80 80 0 4010 -2.79333 -0.506237 -1.10428 0.0366894 -0.161975 -0.0139295 1 1966
0 80 79 0 4010 -2.76415 -0.458267 -1.09345 0.0376283 -0.162515 -0.0151807 1 1970
0 80 79 0 4010 -2.85918 -0.470034 -1.14661 0.037594 -0.160061 -0.0146153 1 1975
0 80 80 0 4010 -2.83451 -0.51955 -1.13875 0.0363218 -0.159326 -0.0156402 1 1979
0 80 79 0 4010 -2.77038 -0.573227 -1.05642 0.035336 -0.160934 -0.0144936 1 1983
0 80 79 0 4010 -2.76793 -0.41193 -1.06591 0.0383362 -0.161971 -0.0138367 1 1987
0 80 80 0 4010 -2.85131 -0.449369 -1.11724 0.0379449 -0.160302 -0.0147696 1 1993
0 80 80 0 4010 -2.84504 -0.472076 -1.2101 0.0375246 -0.159753 -0.0152919 1 1998
0 80 80 0 4010 -2.86549 -0.512939 -1.14452 0.0375682 -0.159171 -0.0152856 1 2003
0 80 79 0 4010 -2.82526 -0.508394 -1.11106 0.03528 -0.159489 -0.0141672 1 2007
0 80 80 0 4010 -2.83919 -0.535524 -1.09994 0.0358999 -0.158793 -0.0151289 1 2013
0 80 79 0 4010 -2.79368 -0.483646 -0.988701 0.0356688 -0.16187 -0.0145905 1 2017
0 80 79 0 4010 -2.73585 -0.472012 -1.11994 0.0375882 -0.162345 -0.0146465 1 2022
0 80 80 0 4010 -2.87839 -0.445421 -1.12019 0.0379323 -0.159741 -0.0141754 1 2026
0 80 80 0 4010 -2.85145 -0.478245 -1.18589 0.0370905 -0.159436 -0.0156327 1 2031
0 80 80 0 4010 -2.7417 -0.552406 -1.08872 0.035784 -0.16044 -0.0144364 1 2035
0 80 80 0 4010 -2.75646 -0.46611 -1.10649 0.0359733 -0.162302 -0.0150099 1 2040
0 80 80 0 4010 -2.8005 -0.463503 -1.10734 0.0390507 -0.160716 -0.0144743 1 2044
0 80 80 0 4010 -2.85189 -0.428419 -1.14519 0.0376905 -0.159376 -0.0158483 1 2049
0 80 79 0 4010 -2.78578 -0.567263 -1.07345 0.0358145 -0.160281 -0.0146774 1 2053
0 80 80 0 4010 -2.76749 -0.523447 -1.1414 0.0346596 -0.160441 -0.0146457 1 2058
0 80 80 0 4010 -2.82246 -0.432911 -1.1133 0.0377538 -0.161279 -0.0148455 1 2062
0 80 80 0 4010 -2.82603 -0.46579 -1.14637 0.0386196 -0.161738 -0.0149798 1 2067
0 80 80 0 4010 -2.85083 -0.520662 -1.13486 0.0375441 -0.158432 -0.0149116 1 2071
0 80 79 0 4010 -2.81531 -0.547491 -1.0625 0.0353448 -0.160194 -0.0142925 1 2076
0 80 79 0 4010 -2.75889 -0.484484 -1.12158 0.0366756 -0.16155 -0.0140425 1 2080
0 80 80 0 4010 -2.84165 -0.403877 -1.17381 0.0381162 -0.161431 -0.0149478 1 2084
0 80 79 0 4010 -2.84673 -0.536394 -1.14506 0.037174 -0.158428 -0.0153823 1 2088
0 80 80 0 4010 -2.74157 -0.524572 -1.0871 0.0350142 -0.161948 -0.0149794 1 2092
0 80 79 0 4010 -2.79849 -0.434147 -1.14718 0.0383675 -0.161555 -0.0146992 1 2096
0 80 79 0 4010 -2.82547 -0.476686 -1.23547 0.0374429 -0.159306 -0.015266 1 2100
0 80 79 0 4010 -2.82044 -0.521767 -1.14901 0.0365891 -0.1589 -0.0150077 1 2105
0 80 79 0 4010 -2.73585 -0.528646 -1.15391 0.0359355 -0.161397 -0.0153097 1 2109
0 80 79 0 4010 -2.80341 -0.446527 -1.11114 0.0380316 -0.16213 -0.0148136 1 2114
0 80 79 0 4010 -2.81896 -0.477884 -1.2377 0.0377799 -0.159727 -0.0155203 1 2118
0 80 79 0 4010 -2.84608 -0.509613 -1.13602 0.0369419 -0.158802 -0.0151058 1 2123
0 80 80 0 4010 -2.75293 -0.528484 -1.11806 0.0356278 -0.161057 -0.0154859 1 2127
0 80 79 0 4010 -2.81585 -0.476151 -1.08447 0.0372692 -0.16109 -0.0144331 1 2132
0 80 80 0 4010 -2.83037 -0.420919 -1.18411 0.0376964 -0.160436 -0.0154905 1 2136
0 80 80 0 4011 -2.83653 -0.506592 -1.13367 0.0380228 -0.158558 -0.0149694 1 2141
0 80 80 0 4010 -2.78265 -0.504833 -1.16315 0.0351229 -0.160078 -0.014718 1 2145
0 80 80 0 4010 -2.72254 -0.538799 -1.11787 0.0362519 -0.160896 -0.0147297 1 2150
0 80 79 0 4010 -2.8307 -0.395899 -1.14564 0.0382757 -0.161064 -0.0146562 1 2154
0 80 80 0 4010 -2.8591 -0.483643 -1.15498 0.0381577 -0.159091 -0.0156346 1 2159
0 80 79 0 4011 -2.78727 -0.541506 -1.15729 0.0350096 -0.159796 -0.0145582 1 2163
0 80 79 0 4010 -2.80233 -0.396372 -1.09077 0.0379661 -0.161216 -0.0146487 1 2167
0 80 79 0 4010 -2.82136 -0.468384 -1.14404 0.0371418 -0.158756 -0.0154129 1 2171
0 80 80 0 4010 -2.76103 -0.563532 -1.13053 0.035434 -0.160346 -0.0145922 1 2175
0 80 79 0 4010 -2.76634 -0.420181 -1.08864 0.0379127 -0.161388 -0.0145112 1 2179
0 80 79 0 4010 -2.8737 -0.5068 -1.09974 0.0364259 -0.158879 -0.0143335 1 2183
0 80 80 0 4010 -2.77602 -0.524498 -1.07495 0.0356194 -0.159333 -0.0145007 1 2188
0 80 80 0 4010 -2.76029 -0.459312 -1.05344 0.0365329 -0.162442 -0.0141481 1 2192
0 80 80 0 4010 -2.77768 -0.415539 -1.10008 0.038347 -0.160611 -0.0144491 1 2197
0 80 80 0 4010 -2.84823 -0.488361 -1.11627 0.0365113 -0.158109 -0.0138401 1 2201
0 80 80 0 4010 -2.75214 -0.552731 -1.09156 0.0362095 -0.158799 -0.0150219 1 2206
0 80 79 0 4010 -2.75799 -0.441429 -1.07822 0.0368812 -0.161492 -0.0136044 1 2210
0 80 79 0 4010 -2.74139 -0.437267 -1.05016 0.0388004 -0.161589 -0.0144805 1 2215
0 80 81 0 4010 -2.83548 -0.511189 -1.10634 0.0366577 -0.158529 -0.013824 1 2219
0 80 80 0 4010 -2.75769 -0.546295 -1.05487 0.0354855 -0.159243 -0.0145034 1 2224
0 80 79 0 4010 -2.75991 -0.439331 -1.11323 0.0379577 -0.161468 -0.0139209 1 2228
0 80 80 0 4010 -2.78856 -0.409395 -1.02696 0.0389608 -0.160753 -0.0147625 1 2233
0 80 79 0 4010 -2.81497 -0.523701 -1.1275 0.0353032 -0.158609 -0.0144045 1 2237
0 80 80 0 4010 -2.74391 -0.496902 -1.15742 0.0367092 -0.160664 -0.0147581 1 2241
0 80 80 0 4010 -2.84701 -0.407402 -1.19862 0.0375644 -0.15985 -0.01506 1 2245
0 80 79 0 4010 -2.78392 -0.549139 -1.11563 0.0365113 -0.159115 -0.0147481 1 2249
0 80 79 0 4010 -2.72234 -0.418325 -1.12931 0.0371802 -0.161565 -0.0147386 1 2253
0 80 79 0 4010 -2.87852 -0.458103 -1.14297 0.0376596 -0.158481 -0.0146738 1 2257
0 80 80 0 4010 -2.76473 -0.538727 -1.11149 0.0358964 -0.159368 -0.0147472 1 2261
0 80 80 0 4010 -2.74232 -0.435669 -1.09171 0.037012 -0.162005 -0.0138862 1 2265
0 80 81 0 4010 -2.83563 -0.43454 -1.14591 0.0382538 -0.158128 -0.0148844 1 2269
0 80 79 0 4010 -2.7797 -0.536373 -1.16362 0.0357407 -0.159296 -0.0152459 1 2273
0 80 79 0 4010 -2.79182 -0.455601 -1.14347 0.0380614 -0.161244 -0.0151684 1 2277
0 80 78 0 4010 -2.81716 -0.44562 -1.10072 0.0365642 -0.158241 -0.0148556 1 2281
0 80 80 0 4010 -2.75177 -0.514261 -1.10157 0.0351789 -0.159637 -0.014381 1 2285
0 80 80 0 4010 -2.76735 -0.460793 -1.12295 0.038507 -0.161267 -0.0148237 1 2289
0 80 80 0 4010 -2.86198 -0.517477 -1.15429 0.0363388 -0.158226 -0.0146044 1 2293
0 80 79 0 4010 -2.73671 -0.500504 -1.03318 0.0355093 -0.160112 -0.0145707 1 2297
0 80 80 0 4010 -2.79639 -0.446087 -1.15322 0.0376745 -0.161121 -0.0149844 1 2301
0 80 80 0 4010 -2.82145 -0.557301 -1.20771 0.0367974 -0.157177 -0.0152806 1 2305
0 80 80 0 4010 -2.73306 -0.441164 -1.17786 0.0361738 -0.160803 -0.0148937 1 2310
0 80 79 0 4010 -2.82744 -0.455997 -1.20252 0.0381639 -0.159686 -0.0148824 1 2314
0 80 79 0 4010 -2.81493 -0.507719 -1.15493 0.0367868 -0.15787 -0.0154411 1 2319
0 80 79 0 4010 -2.76384 -0.581631 -1.19376 0.0362587 -0.158794 -0.0152532 1 2323
0 80 80 0 4010 -2.71004 -0.433998 -1.14271 0.0374861 -0.160524 -0.0147792 1 2327
0 80 79 0 4010 -2.87644 -0.437304 -1.1157 0.0379494 -0.158132 -0.0146023 1 2331
0 80 80 0 4010 -2.72238 -0.543501 -1.04378 0.0357625 -0.160114 -0.0143869 1 2335
0 80 78 0 4010 -2.76897 -0.443836 -1.21695 0.037753 -0.161171 -0.0141942 1 2339
0 80 80 0 4010 -2.86486 -0.507725 -1.17598 0.0369369 -0.157045 -0.0151566 1 2343
0 80 79 0 4010 -2.73114 -0.517595 -1.09059 0.0360239 -0.160079 -0.0144894 1 2347
0 80 80 0 4010 -2.78847 -0.440903 -1.1513 0.0383143 -0.160596 -0.0146402 1 2351
0 80 79 0 4010 -2.81618 -0.4744 -1.21109 0.0364974 -0.157792 -0.0152072 1 2355
0 80 79 0 4010 -2.76609 -0.53676 -1.11135 0.0350951 -0.159563 -0.0147568 1 2359
0 80 80 0 4010 -2.77253 -0.421181 -1.09108 0.0386889 -0.160997 -0.014677 1 2363
0 80 80 0 4010 -2.82359 -0.500484 -1.13485 0.0367215 -0.157899 -0.0141542 1 2368
0 80 79 0 4011 -2.76899 -0.523397 -1.1102 0.035938 -0.15872 -0.0148124 1 2372
0 80 80 0 4010 -2.73876 -0.47468 -1.11159 0.0367746 -0.160863 -0.0134932 1 2376
0 80 78 0 4010 -2.8314 -0.444788 -1.18663 0.037683 -0.157939 -0.0148036 1 2380
0 80 80 0 4010 -2.77605 -0.527935 -1.12974 0.0353001 -0.158955 -0.0153423 1 2384
0 80 79 0 4010 -2.77234 -0.456379 -1.11414 0.0370276 -0.160978 -0.0141266 1 2388
0 80 80 0 4010 -2.80862 -0.480816 -1.16211 0.036839 -0.157853 -0.0149543 1 2392
0 80 80 0 4010 -2.76952 -0.521019 -1.08392 0.0352045 -0.160618 -0.0149906 1 2396
0 80 79 0 4010 -2.78843 -0.448137 -1.14663 0.0383061 -0.15925 -0.014239 1 2400
0 80 80 0 4010 -2.78388 -0.510792 -1.11661 0.0357579 -0.157915 -0.0147375 1 2404
0 80 79 0 4010 -2.75084 -0.430962 -1.07757 0.0379193 -0.161039 -0.0153219 1 2408
0 80 79 0 4011 -2.82198 -0.467533 -1.22427 0.0376472 -0.158022 -0.0154029 1 2412
0 80 79 0 4011 -2.75126 -0.517744 -1.11606 0.0349013 -0.15873 -0.0147863 1 2416
0 80 79 0 4010 -2.80206 -0.392195 -1.02407 0.0390275 -0.161018 -0.0143961 1 2420
0 80 79 0 4010 -2.82229 -0.51993 -1.13478 0.0361195 -0.157959 -0.0142367 1 2424
0 80 80 0 4010 -2.73438 -0.48254 -1.14839 0.0368009 -0.160065 -0.0150524 1 2428
0 80 80 0 4010 -2.83568 -0.418623 -1.19261 0.0377171 -0.159215 -0.0156046 1 2432
0 80 79 0 4010 -2.76731 -0.565073 -1.10175 0.0360985 -0.15858 -0.0149943 1 2436
0 80 79 0 4010 -2.72734 -0.432293 -1.10308 0.0370904 -0.16033 -0.0144383 1 2440
0 80 79 0 4010 -2.85909 -0.515568 -1.16895 0.0364903 -0.157525 -0.0148153 1 2445
0 80 79 0 4010 -2.75938 -0.511358 -1.09596 0.0354524 -0.158802 -0.0145591 1 2450
0 80 79 0 4010 -2.71312 -0.52916 -1.07684 0.035548 -0.160167 -0.0137506 1 2455
0 80 79 0 4010 -2.78039 -0.417755 -1.03506 0.0382922 -0.160659 -0.0147607 1 2460
0 80 80 0 4010 -2.85643 -0.462969 -1.20063 0.0373646 -0.158051 -0.0144557 1 2465
0 80 79 0 4010 -2.74468 -0.535816 -1.15012 0.0358632 -0.158298 -0.0151297 1 2470
0 80 79 0 4010 -2.74922 -0.507198 -1.00836 0.0361828 -0.161029 -0.0142959 1 2475
0 80 79 0 4010 -2.76751 -0.403397 -1.10656 0.0375057 -0.159981 -0.014378 1 2480
0 80 79 0 4011 -2.82283 -0.497292 -1.13338 0.0376924 -0.157877 -0.0147714 1 2485
0 80 80 0 4010 -2.77934 -0.548775 -1.12992 0.0360042 -0.157545 -0.0155779 1 2490
0 80 79 0 4010 -2.76249 -0.525505 -1.14227 0.0351403 -0.158769 -0.0146587 1 2495
0 80 80 0 4010 -2.68913 -0.438433 -1.12742 0.0371233 -0.161191 -0.0144216 1 2500
0 80 79 0 4010 -2.85787 -0.457081 -1.12236 0.0376538 -0.158365 -0.0144993 1 2505
0 80 80 0 4010 -2.83343 -0.467951 -1.22622 0.0367346 -0.157659 -0.0151838 1 2510
0 80 80 0 4010 -2.73618 -0.572109 -1.10431 0.035966 -0.159115 -0.014093 1 2515
0 80 79 0 4010 -2.74718 -0.453417 -1.1119 0.0379783 -0.160483 -0.014802 1 2520
0 80 79 0 4010 -2.85269 -0.4527 -1.08497 0.0376492 -0.157789 -0.0142892 1 2525
0 80 79 0 4010 -2.76138 -0.520416 -1.047 0.0352173 -0.157234 -0.0143182 1 2530
0 80 79 0 4010 -2.71707 -0.518135 -1.06474 0.0364407 -0.160928 -0.0139788 1 2534
0 80 80 0 4010 -2.77794 -0.424299 -1.10596 0.0386361 -0.159707 -0.0147925 1 2540
0 80 79 0 4010 -2.86027 -0.476011 -1.19033 0.0373856 -0.156801 -0.0142747 1 2545
0 80 79 0 4010 -2.77333 -0.546242 -1.1645 0.0364872 -0.157937 -0.0149951 1 2549
0 80 79 0 4010 -2.75574 -0.530615 -1.08068 0.0355633 -0.159206 -0.0143121 1 2553
0 80 79 0 4010 -2.80534 -0.464481 -1.14821 0.0388325 -0.158863 -0.0148655 1 2557
0 80 80 0 4010 -2.79078 -0.518726 -1.18192 0.034786 -0.157998 -0.0146748 1 2561
0 80 80 0 4010 -2.75324 -0.455143 -1.12481 0.037825 -0.161037 -0.0150011 1 2565
0 80 79 0 4010 -2.79019 -0.493176 -1.16792 0.0369518 -0.157578 -0.0148572 1 2569
0 80 79 0 4010 -2.74418 -0.509975 -1.06182 0.0354135 -0.160285 -0.0144857 1 2573
0 80 81 0 4011 -2.80976 -0.476547 -1.1578 0.0381812 -0.158278 -0.0150152 1 2578
0 80 79 0 4010 -2.73116 -0.522135 -1.13525 0.0347848 -0.158478 -0.0147578 1 2581
0 80 80 0 4011 -2.79184 -0.404892 -1.16624 0.0387918 -0.159671 -0.0143815 1 2585
0 80 80 0 4010 -2.76795 -0.526091 -1.13854 0.0360171 -0.15756 -0.0154739 1 2590
0 80 80 0 4010 -2.74281 -0.424953 -1.16894 0.036769 -0.159705 -0.0142468 1 2595
0 80 80 0 4010 -2.8212 -0.474018 -1.17686 0.0382838 -0.157353 -0.0147948 1 2599
0 80 80 0 4010 -2.80031 -0.529232 -1.12199 0.0356431 -0.157912 -0.0144617 1 2604
0 80 80 0 4010 -2.7351 -0.455477 -1.18545 0.0372436 -0.159722 -0.0150473 1 2607
0 80 80 0 4010 -2.8303 -0.462889 -1.16108 0.0370781 -0.156987 -0.0158404 1 2613
0 80 79 0 4010 -2.76153 -0.551304 -1.1612 0.0354166 -0.15707 -0.0148751 1 2618
0 80 79 0 4010 -2.71673 -0.42001 -1.09288 0.037986 -0.160381 -0.014408 1 2621
0 80 79 0 4010 -2.8586 -0.509684 -1.16614 0.0367819 -0.157297 -0.0147294 1 2627
0 80 79 0 4010 -2.73995 -0.548306 -1.09329 0.0353884 -0.158723 -0.0144807 1 2631
0 80 80 0 4010 -2.78571 -0.45413 -1.17019 0.0375493 -0.161053 -0.0142346 1 2636
0 80 79 0 4010 -2.82018 -0.463863 -1.12416 0.0376457 -0.157762 -0.0147227 1 2642
0 80 79 0 4010 -2.77421 -0.499111 -1.10899 0.0348735 -0.157432 -0.0149512 1 2646
0 80 79 0 4010 -2.70977 -0.462656 -1.16587 0.0369643 -0.160394 -0.0146921 1 2651
0 80 79 0 4010 -2.80337 -0.456825 -1.23811 0.0374244 -0.159263 -0.0153669 1 2656
0 80 79 0 4010 -2.78598 -0.54719 -1.17012 0.0357083 -0.157609 -0.0151361 1 2660
0 80 79 0 4010 -2.70509 -0.470324 -1.15893 0.0373653 -0.15984 -0.0148782 1 2665
0 80 80 0 4010 -2.83324 -0.435883 -1.11945 0.0375749 -0.158128 -0.0144202 1 2670
0 80 79 0 4010 -2.75548 -0.502441 -1.0638 0.0354136 -0.156865 -0.0142623 1 2675
0 80 79 0 4010 -2.74299 -0.461092 -1.12944 0.0367275 -0.159199 -0.0140572 1 2680
0 80 79 0 4010 -2.7979 -0.454762 -1.21595 0.0383997 -0.157485 -0.0150665 1 2685
0 80 79 0 4010 -2.80704 -0.54685 -1.1721 0.0357252 -0.157384 -0.0152602 1 2690
0 80 79 0 4010 -2.74596 -0.459473 -1.10097 0.0367281 -0.15995 -0.0148494 1 2695
0 80 80 0 4010 -2.8134 -0.393255 -1.16405 0.0380703 -0.158343 -0.0148522 1 2699
0 80 80 0 4011 -2.74201 -0.565308 -1.1535 0.0350846 -0.158251 -0.0150559 1 2704
0 80 80 0 4010 -2.72598 -0.424652 -1.11336 0.0367543 -0.160118 -0.0144376 1 2710
0 80 79 0 4010 -2.84558 -0.449781 -1.16588 0.0375241 -0.157499 -0.014296 1 2714
0 80 79 0 4010 -2.74356 -0.543972 -1.143 0.0360588 -0.157634 -0.0147748 1 2719
0 80 79 0 4010 -2.76108 -0.463312 -1.11292 0.0361574 -0.160017 -0.0139877 1 2723
0 80 80 0 4010 -2.80528 -0.496569 -1.16492 0.0370767 -0.155567 -0.0153678 1 2727
0 80 79 0 4010 -2.70708 -0.479944 -1.14951 0.036127 -0.159982 -0.0149013 1 2731
0 80 79 0 4010 -2.82283 -0.465435 -1.1528 0.0373977 -0.156787 -0.0141926 1 2736
0 80 80 0 4010 -2.73216 -0.530956 -1.08892 0.0358253 -0.158512 -0.0145114 1 2741
0 80 80 0 4010 -2.77818 -0.427589 -1.10936 0.0372334 -0.160248 -0.0144597 1 2746
0 80 79 0 4010 -2.83568 -0.483364 -1.18867 0.0372652 -0.156435 -0.0152703 1 2751
0 80 80 0 4010 -2.73573 -0.50857 -1.20829 0.034322 -0.158125 -0.0145492 1 2756
0 80 80 0 4010 -2.76522 -0.422033 -1.19876 0.0380739 -0.159672 -0.0149561 1 2761
0 80 80 0 4010 -2.79502 -0.523418 -1.13943 0.0364799 -0.157631 -0.0156225 1 2766
0 80 80 0 4010 -2.73132 -0.52803 -1.08677 0.0347445 -0.158811 -0.014562 1 2770
0 80 80 0 4010 -2.80074 -0.428349 -1.12751 0.0387045 -0.158401 -0.0143215 1 2775
0 80 80 0 4010 -2.76753 -0.549578 -1.12264 0.0355755 -0.157666 -0.0147708 1 2779
0 80 80 0 4010 -2.73931 -0.452457 -1.0918 0.0364603 -0.159558 -0.014444 1 2785
0 80 79 0 4010 -2.7925 -0.379375 -1.22048 0.0376161 -0.158356 -0.0152548 1 2789
0 80 79 0 4010 -2.78968 -0.539593 -1.21426 0.0361924 -0.156439 -0.015202 1 2795
0 80 79 0 4010 -2.70889 -0.498936 -1.18166 0.0357488 -0.15904 -0.0147519 1 2799
0 80 80 0 4010 -2.75882 -0.413807 -1.12667 0.0379524 -0.159324 -0.0147776 1 2805
0 80 80 0 4010 -2.77953 -0.456167 -1.24049 0.0369538 -0.156608 -0.0154007 1 2810
0 80 79 0 4010 -2.73624 -0.584749 -1.18207 0.0351985 -0.15803 -0.0145352 1 2815
0 80 79 0 4010 -2.7358 -0.444054 -1.11193 0.0372918 -0.159666 -0.0148662 1 2819
0 80 80 0 4010 -2.80823 -0.459532 -1.19366 0.0380253 -0.157287 -0.0146241 1 2825
0 80 81 0 4011 -2.71177 -0.490303 -1.02374 0.0351447 -0.157451 -0.0143564 1 2830
0 80 79 0 4010 -2.73459 -0.431831 -1.14785 0.0377843 -0.159482 -0.0138125 1 2835
0 80 79 0 4010 -2.80451 -0.520866 -1.25009 0.0381444 -0.15678 -0.0153216 1 2840
0 80 79 0 4010 -2.74742 -0.527315 -1.1944 0.034947 -0.157106 -0.0143267 1 2845
0 80 79 0 4010 -2.77263 -0.401705 -1.1668 0.0380505 -0.159623 -0.0146942 1 2850
0 80 80 0 4010 -2.80764 -0.459019 -1.17762 0.0366783 -0.156166 -0.0148923 1 2855
0 80 80 0 4010 -2.7409 -0.571909 -1.13925 0.0351096 -0.157996 -0.0149412 1 2860
0 80 79 0 4010 -2.73743 -0.466036 -1.16476 0.0371035 -0.15995 -0.0147021 1 2865
0 80 80 0 4010 -2.86158 -0.448343 -1.17633 0.03747 -0.156591 -0.0147834 1 2870
0 80 79 0 4011 -2.72104 -0.510767 -1.1026 0.0353276 -0.157298 -0.0142922 1 2875
0 80 79 0 4010 -2.72277 -0.459885 -1.11149 0.0370744 -0.15984 -0.0140435 1 2880
0 80 80 0 4010 -2.79189 -0.485558 -1.17299 0.0383877 -0.156943 -0.0151474 1 2885
0 80 79 0 4010 -2.75573 -0.521648 -1.1663 0.0349507 -0.157675 -0.0147363 1 2889
0 80 79 0 4011 -2.7321 -0.455013 -1.18121 0.0378489 -0.158611 -0.0150805 1 2895
0 80 79 0 4010 -2.78375 -0.448753 -1.22917 0.0379404 -0.157123 -0.0147592 1 2900
0 80 80 0 4010 -2.71256 -0.558737 -1.14953 0.035399 -0.157896 -0.0146728 1 2905
0 80 80 0 4011 -2.73119 -0.42124 -1.12086 0.0377709 -0.159566 -0.0148326 1 2910
0 80 80 0 4010 -2.83161 -0.474619 -1.15204 0.0368696 -0.15675 -0.0147618 1 2915
0 80 79 0 4010 -2.73331 -0.510635 -1.12313 0.03526 -0.156838 -0.0148288 1 2920
0 80 79 0 4011 -2.72671 -0.421608 -1.16133 0.0379865 -0.159758 -0.0142477 1 2925
0 80 80 0 4010 -2.7974 -0.515686 -1.24154 0.037613 -0.155482 -0.0151382 1 2930
0 80 80 0 4010 -2.68844 -0.513945 -1.15278 0.0359039 -0.159205 -0.0151362 1 2935
0 80 80 0 4010 -2.82802 -0.435282 -1.1567 0.0384164 -0.157435 -0.015231 1 2940
0 80 78 0 4010 -2.74659 -0.516726 -1.10353 0.0352962 -0.155769 -0.0150191 1 2945
0 80 79 0 4010 -2.72892 -0.418726 -1.13288 0.0371221 -0.159186 -0.0142703 1 2950
0 80 79 0 4010 -2.78855 -0.47529 -1.20308 0.0376506 -0.155561 -0.0147706 1 2955
0 80 80 0 4011 -2.67151 -0.499033 -1.18791 0.0354025 -0.159102 -0.0146126 1 2960
0 80 80 0 4010 -2.79065 -0.453915 -1.21636 0.0385734 -0.158191 -0.0152729 1 2965
0 80 80 0 4010 -2.75707 -0.534309 -1.13876 0.0358107 -0.156904 -0.0153891 1 2970
0 80 80 0 4010 -2.73506 -0.471193 -1.13833 0.0362157 -0.159505 -0.0145936 1 2975
0 80 80 0 4010 -2.75484 -0.391083 -1.18204 0.0383675 -0.157902 -0.0144476 1 2980
0 80 80 0 4010 -2.76226 -0.505993 -1.15443 0.0349648 -0.156651 -0.0145735 1 2985
0 80 80 0 4010 -2.70185 -0.465742 -1.15069 0.0366504 -0.159304 -0.0149348 1 2990
0 80 80 0 4010 -2.82144 -0.405094 -1.23652 0.0373838 -0.157714 -0.0153557 1 2995
0 80 80 0 4010 -2.7721 -0.505201 -1.19711 0.0357176 -0.156048 -0.0150412 1 3000
0 80 79 0 4010 -2.69009 -0.450508 -1.16869 0.0360469 -0.159277 -0.0145352 1 3005
0 80 80 0 4010 -2.77289 -0.435469 -1.15243 0.0384846 -0.157905 -0.0148347 1 3010
0 80 80 0 4010 -2.77468 -0.487135 -1.23417 0.0370883 -0.156138 -0.0151599 1 3015
0 80 80 0 4010 -2.73805 -0.459475 -1.10092 0.0358071 -0.158952 -0.0144623 1 3020
0 80 79 0 4010 -2.77375 -0.424768 -1.22066 0.0383916 -0.157547 -0.0144308 1 3025
0 80 79 0 4010 -2.74517 -0.522139 -1.20834 0.0351551 -0.156808 -0.014671 1 3030
0 80 79 0 4010 -2.71321 -0.453293 -1.14697 0.0378237 -0.159561 -0.0140936 1 3035
0 80 79 0 4010 -2.79758 -0.454254 -1.17508 0.0373325 -0.157718 -0.0154397 1 3039
0 80 80 0 4010 -2.71555 -0.519444 -1.14741 0.0354716 -0.158256 -0.0144227 1 3044
0 80 80 0 4010 -2.71429 -0.416193 -1.1342 0.0382595 -0.159867 -0.0145171 1 3049
0 80 79 0 4010 -2.85097 -0.507603 -1.18134 0.036227 -0.155575 -0.0146888 1 3053
0 80 79 0 4010 -2.68319 -0.429869 -1.12771 0.0370466 -0.159076 -0.0140694 1 3058
0 80 79 0 4010 -2.78265 -0.458481 -1.26968 0.0378621 -0.157589 -0.0153084 1 3063
