Fx Fz M_max M_min
-20 -7 0 0
-19.9 -7 0 0
-19.8 -7 0 0
-19.7 -7 0 0
-19.6 -7 0 0
-19.5 -7 0 0
-19.4 -7 0 0
-19.3 -7 0 0
-19.2 -7 0 0
-19.1 -7 0 0
-19 -7 0 0
-18.9 -7 0 0
-18.8 -7 0 0
-18.7 -7 0 0
-18.6 -7 0 0
-18.5 -7 0 0
-18.4 -7 0 0
-18.3 -7 0 0
-18.2 -7 0 0
-18.1 -7 0 0
-18 -7 0 0
-17.9 -7 0 0
-17.8 -7 0 0
-17.7 -7 0 0
-17.6 -7 0 0
-17.5 -7 0 0
-17.4 -7 0 0
-17.3 -7 0 0
-17.2 -7 0 0
-17.1 -7 0 0
-17 -7 0 0
-16.9 -7 0 0
-16.8 -7 0 0
-16.7 -7 0 0
-16.6 -7 0 0
-16.5 -7 0 0
-16.4 -7 0 0
-16.3 -7 0 0
-16.2 -7 0 0
-16.1 -7 0 0
-16 -7 0 0
-15.9 -7 0 0
-15.8 -7 0 0
-15.7 -7 0 0
-15.6 -7 0 0
-15.5 -7 0 0
-15.4 -7 0 0
-15.3 -7 0 0
-15.2 -7 0 0
-15.1 -7 0 0
-15 -7 0 0
-14.9 -7 0 0
-14.8 -7 0 0
-14.7 -7 0 0
-14.6 -7 0 0
-14.5 -7 0 0
-14.4 -7 0 0
-14.3 -7 0 0
-14.2 -7 0 0
-14.1 -7 0 0
-14 -7 0 0
-13.9 -7 0 0
-13.8 -7 0 0
-13.7 -7 0 0
-13.6 -7 0 0
-13.5 -7 0 0
-13.4 -7 0 0
-13.3 -7 0 0
-13.2 -7 0 0
-13.1 -7 0 0
-13 -7 0 0
-12.9 -7 0 0
-12.8 -7 0 0
-12.7 -7 0 0
-12.6 -7 0 0
-12.5 -7 0 0
-12.4 -7 0 0
-12.3 -7 0 0
-12.2 -7 0 0
-12.1 -7 0 0
-12 -7 0 0
-11.9 -7 0 0
-11.8 -7 0 0
-11.7 -7 0 0
-11.6 -7 0 0
-11.5 -7 0 0
-11.4 -7 0 0
-11.3 -7 0 0
-11.2 -7 0 0
-11.1 -7 0 0
-11 -7 0 0
-10.9 -7 0 0
-10.8 -7 0 0
-10.7 -7 0 0
-10.6 -7 0 0
-10.5 -7 0 0
-10.4 -7 0 0
-10.3 -7 0 0
-10.2 -7 0 0
-10.1 -7 0 0
-10 -7 0 0
-9.9 -7 0 0
-9.8 -7 0 0
-9.7 -7 0 0
-9.6 -7 0 0
-9.5 -7 0 0
-9.4 -7 0 0
-9.3 -7 0 0
-9.2 -7 0 0
-9.1 -7 0 0
-9 -7 0 0
-8.9 -7 0 0
-8.8 -7 0 0
-8.7 -7 0 0
-8.6 -7 0 0
-8.5 -7 0 0
-8.4 -7 0 0
-8.3 -7 0 0
-8.2 -7 0 0
-8.1 -7 0 0
-8 -7 0 0
-7.9 -7 0 0
-7.8 -7 0 0
-7.7 -7 0 0
-7.6 -7 0 0
-7.5 -7 0 0
-7.4 -7 0 0
-7.3 -7 0 0
-7.2 -7 0 0
-7.1 -7 0 0
-7 -7 0 0
-6.9 -7 0 0
-6.8 -7 0.0539854 0.0443083
-6.7 -7 0.0619856 0.0399205
-6.6 -7 0.0699858 0.0355326
-6.5 -7 0.0779861 0.0311448
-6.4 -7 0.0859863 0.0267569
-6.3 -7 0.0939865 0.0223691
-6.2 -7 0.101987 0.0179812
-6.1 -7 0.109987 0.0135934
-6 -7 0.117987 0.0092055
-5.9 -7 0.125987 0.00481764
-5.8 -7 0.133988 0.000429788
-5.7 -7 0.141988 -0.00395807
-5.6 -7 0.149988 -0.00834592
-5.5 -7 0.157988 -0.0127338
-5.4 -7 0.165988 -0.0171216
-5.3 -7 0.173989 -0.0215095
-5.2 -7 0.181989 -0.0258973
-5.1 -7 0.189989 -0.0302852
-5 -7 0.197989 -0.0346731
-4.9 -7 0.205989 -0.0390609
-4.8 -7 0.21399 -0.0434488
-4.7 -7 0.22199 -0.0478366
-4.6 -7 0.22999 -0.0522245
-4.5 -7 0.23799 -0.0566123
-4.4 -7 0.245991 -0.0610002
-4.3 -7 0.253991 -0.065388
-4.2 -7 0.261991 -0.0697759
-4.1 -7 0.269991 -0.0741638
-4 -7 0.277991 -0.0785516
-3.9 -7 0.285992 -0.0829395
-3.8 -7 0.293992 -0.0873273
-3.7 -7 0.301992 -0.0917152
-3.6 -7 0.309992 -0.096103
-3.5 -7 0.317992 -0.100491
-3.4 -7 0.325993 -0.104879
-3.3 -7 0.333993 -0.109267
-3.2 -7 0.333532 -0.113654
-3.1 -7 0.330305 -0.118042
-3 -7 0.327078 -0.12243
-2.9 -7 0.32385 -0.126818
-2.8 -7 0.320623 -0.131206
-2.7 -7 0.317396 -0.135594
-2.6 -7 0.314169 -0.139982
-2.5 -7 0.310942 -0.144369
-2.4 -7 0.307714 -0.148757
-2.3 -7 0.304487 -0.153145
-2.2 -7 0.30126 -0.157533
-2.1 -7 0.298033 -0.161921
-2 -7 0.294806 -0.165718
-1.9 -7 0.291578 -0.168945
-1.8 -7 0.288351 -0.172172
-1.7 -7 0.285124 -0.1754
-1.6 -7 0.281897 -0.178627
-1.5 -7 0.27867 -0.181854
-1.4 -7 0.275442 -0.185081
-1.3 -7 0.272215 -0.188308
-1.2 -7 0.268988 -0.191536
-1.1 -7 0.265761 -0.194763
-1 -7 0.262534 -0.19799
-0.9 -7 0.259307 -0.201217
-0.8 -7 0.256079 -0.204444
-0.7 -7 0.252852 -0.207672
-0.6 -7 0.249625 -0.210899
-0.5 -7 0.246398 -0.214126
-0.4 -7 0.243171 -0.217353
-0.3 -7 0.239943 -0.22058
-0.2 -7 0.236716 -0.223807
-0.1 -7 0.233489 -0.227035
1.52933e-14 -7 0.230262 -0.230262
0.1 -7 0.227035 -0.233489
0.2 -7 0.223807 -0.236716
0.3 -7 0.22058 -0.239943
0.4 -7 0.217353 -0.243171
0.5 -7 0.214126 -0.246398
0.6 -7 0.210899 -0.249625
0.7 -7 0.207672 -0.252852
0.8 -7 0.204444 -0.256079
0.9 -7 0.201217 -0.259307
1 -7 0.19799 -0.262534
1.1 -7 0.194763 -0.265761
1.2 -7 0.191536 -0.268988
1.3 -7 0.188308 -0.272215
1.4 -7 0.185081 -0.275442
1.5 -7 0.181854 -0.27867
1.6 -7 0.178627 -0.281897
1.7 -7 0.1754 -0.285124
1.8 -7 0.172172 -0.288351
1.9 -7 0.168945 -0.291578
2 -7 0.165718 -0.294806
2.1 -7 0.161921 -0.298033
2.2 -7 0.157533 -0.30126
2.3 -7 0.153145 -0.304487
2.4 -7 0.148757 -0.307714
2.5 -7 0.144369 -0.310942
2.6 -7 0.139982 -0.314169
2.7 -7 0.135594 -0.317396
2.8 -7 0.131206 -0.320623
2.9 -7 0.126818 -0.32385
3 -7 0.12243 -0.327078
3.1 -7 0.118042 -0.330305
3.2 -7 0.113654 -0.333532
3.3 -7 0.109267 -0.333993
3.4 -7 0.104879 -0.325993
3.5 -7 0.100491 -0.317992
3.6 -7 0.096103 -0.309992
3.7 -7 0.0917152 -0.301992
3.8 -7 0.0873273 -0.293992
3.9 -7 0.0829395 -0.285992
4 -7 0.0785516 -0.277991
4.1 -7 0.0741638 -0.269991
4.2 -7 0.0697759 -0.261991
4.3 -7 0.065388 -0.253991
4.4 -7 0.0610002 -0.245991
4.5 -7 0.0566123 -0.23799
4.6 -7 0.0522245 -0.22999
4.7 -7 0.0478366 -0.22199
4.8 -7 0.0434488 -0.21399
4.9 -7 0.0390609 -0.205989
5 -7 0.0346731 -0.197989
5.1 -7 0.0302852 -0.189989
5.2 -7 0.0258973 -0.181989
5.3 -7 0.0215095 -0.173989
5.4 -7 0.0171216 -0.165988
5.5 -7 0.0127338 -0.157988
5.6 -7 0.00834592 -0.149988
5.7 -7 0.00395807 -0.141988
5.8 -7 -0.000429788 -0.133988
5.9 -7 -0.00481764 -0.125987
6 -7 -0.0092055 -0.117987
6.1 -7 -0.0135934 -0.109987
6.2 -7 -0.0179812 -0.101987
6.3 -7 -0.0223691 -0.0939865
6.4 -7 -0.0267569 -0.0859863
6.5 -7 -0.0311448 -0.0779861
6.6 -7 -0.0355326 -0.0699858
6.7 -7 -0.0399205 -0.0619856
6.8 -7 -0.0443083 -0.0539854
6.9 -7 0 0
7 -7 0 0
7.1 -7 0 0
7.2 -7 0 0
7.3 -7 0 0
7.4 -7 0 0
7.5 -7 0 0
7.6 -7 0 0
7.7 -7 0 0
7.8 -7 0 0
7.9 -7 0 0
8 -7 0 0
8.1 -7 0 0
8.2 -7 0 0
8.3 -7 0 0
8.4 -7 0 0
8.5 -7 0 0
8.6 -7 0 0
8.7 -7 0 0
8.8 -7 0 0
8.9 -7 0 0
9 -7 0 0
9.1 -7 0 0
9.2 -7 0 0
9.3 -7 0 0
9.4 -7 0 0
9.5 -7 0 0
9.6 -7 0 0
9.7 -7 0 0
9.8 -7 0 0
9.9 -7 0 0
10 -7 0 0
10.1 -7 0 0
10.2 -7 0 0
10.3 -7 0 0
10.4 -7 0 0
10.5 -7 0 0
10.6 -7 0 0
10.7 -7 0 0
10.8 -7 0 0
10.9 -7 0 0
11 -7 0 0
11.1 -7 0 0
11.2 -7 0 0
11.3 -7 0 0
11.4 -7 0 0
11.5 -7 0 0
11.6 -7 0 0
11.7 -7 0 0
11.8 -7 0 0
11.9 -7 0 0
12 -7 0 0
12.1 -7 0 0
12.2 -7 0 0
12.3 -7 0 0
12.4 -7 0 0
12.5 -7 0 0
12.6 -7 0 0
12.7 -7 0 0
12.8 -7 0 0
12.9 -7 0 0
13 -7 0 0
13.1 -7 0 0
13.2 -7 0 0
13.3 -7 0 0
13.4 -7 0 0
13.5 -7 0 0
13.6 -7 0 0
13.7 -7 0 0
13.8 -7 0 0
13.9 -7 0 0
14 -7 0 0
14.1 -7 0 0
14.2 -7 0 0
14.3 -7 0 0
14.4 -7 0 0
14.5 -7 0 0
14.6 -7 0 0
14.7 -7 0 0
14.8 -7 0 0
14.9 -7 0 0
15 -7 0 0
15.1 -7 0 0
15.2 -7 0 0
15.3 -7 0 0
15.4 -7 0 0
15.5 -7 0 0
15.6 -7 0 0
15.7 -7 0 0
15.8 -7 0 0
15.9 -7 0 0
16 -7 0 0
16.1 -7 0 0
16.2 -7 0 0
16.3 -7 0 0
16.4 -7 0 0
16.5 -7 0 0
16.6 -7 0 0
16.7 -7 0 0
16.8 -7 0 0
16.9 -7 0 0
17 -7 0 0
17.1 -7 0 0
17.2 -7 0 0
17.3 -7 0 0
17.4 -7 0 0
17.5 -7 0 0
17.6 -7 0 0
17.7 -7 0 0
17.8 -7 0 0
17.9 -7 0 0
18 -7 0 0
18.1 -7 0 0
18.2 -7 0 0
18.3 -7 0 0
18.4 -7 0 0
18.5 -7 0 0
18.6 -7 0 0
18.7 -7 0 0
18.8 -7 0 0
18.9 -7 0 0
19 -7 0 0
19.1 -7 0 0
19.2 -7 0 0
19.3 -7 0 0
19.4 -7 0 0
19.5 -7 0 0
19.6 -7 0 0
19.7 -7 0 0
19.8 -7 0 0
19.9 -7 0 0
-20 -6 0 0
-19.9 -6 0 0
-19.8 -6 0 0
-19.7 -6 0 0
-19.6 -6 0 0
-19.5 -6 0 0
-19.4 -6 0 0
-19.3 -6 0 0
-19.2 -6 0 0
-19.1 -6 0 0
-19 -6 0 0
-18.9 -6 0 0
-18.8 -6 0 0
-18.7 -6 0 0
-18.6 -6 0 0
-18.5 -6 0 0
-18.4 -6 0 0
-18.3 -6 0 0
-18.2 -6 0 0
-18.1 -6 0 0
-18 -6 0 0
-17.9 -6 0 0
-17.8 -6 0 0
-17.7 -6 0 0
-17.6 -6 0 0
-17.5 -6 0 0
-17.4 -6 0 0
-17.3 -6 0 0
-17.2 -6 0 0
-17.1 -6 0 0
-17 -6 0 0
-16.9 -6 0 0
-16.8 -6 0 0
-16.7 -6 0 0
-16.6 -6 0 0
-16.5 -6 0 0
-16.4 -6 0 0
-16.3 -6 0 0
-16.2 -6 0 0
-16.1 -6 0 0
-16 -6 0 0
-15.9 -6 0 0
-15.8 -6 0 0
-15.7 -6 0 0
-15.6 -6 0 0
-15.5 -6 0 0
-15.4 -6 0 0
-15.3 -6 0 0
-15.2 -6 0 0
-15.1 -6 0 0
-15 -6 0 0
-14.9 -6 0 0
-14.8 -6 0 0
-14.7 -6 0 0
-14.6 -6 0 0
-14.5 -6 0 0
-14.4 -6 0 0
-14.3 -6 0 0
-14.2 -6 0 0
-14.1 -6 0 0
-14 -6 0 0
-13.9 -6 0 0
-13.8 -6 0 0
-13.7 -6 0 0
-13.6 -6 0 0
-13.5 -6 0 0
-13.4 -6 0 0
-13.3 -6 0 0
-13.2 -6 0 0
-13.1 -6 0 0
-13 -6 0 0
-12.9 -6 0 0
-12.8 -6 0 0
-12.7 -6 0 0
-12.6 -6 0 0
-12.5 -6 0 0
-12.4 -6 0 0
-12.3 -6 0 0
-12.2 -6 0 0
-12.1 -6 0 0
-12 -6 0 0
-11.9 -6 0 0
-11.8 -6 0 0
-11.7 -6 0 0
-11.6 -6 0 0
-11.5 -6 0 0
-11.4 -6 0 0
-11.3 -6 0 0
-11.2 -6 0 0
-11.1 -6 0 0
-11 -6 0 0
-10.9 -6 0 0
-10.8 -6 0 0
-10.7 -6 0 0
-10.6 -6 0 0
-10.5 -6 0 0
-10.4 -6 0 0
-10.3 -6 0 0
-10.2 -6 0 0
-10.1 -6 0 0
-10 -6 0 0
-9.9 -6 0 0
-9.8 -6 0 0
-9.7 -6 0 0
-9.6 -6 0 0
-9.5 -6 0 0
-9.4 -6 0 0
-9.3 -6 0 0
-9.2 -6 0 0
-9.1 -6 0 0
-9 -6 0 0
-8.9 -6 0 0
-8.8 -6 0 0
-8.7 -6 0 0
-8.6 -6 0 0
-8.5 -6 0 0
-8.4 -6 0 0
-8.3 -6 0 0
-8.2 -6 0 0
-8.1 -6 0 0
-8 -6 0 0
-7.9 -6 0 0
-7.8 -6 0 0
-7.7 -6 0 0
-7.6 -6 0 0
-7.5 -6 0 0
-7.4 -6 0 0
-7.3 -6 0 0
-7.2 -6 0 0
-7.1 -6 0 0
-7 -6 0 0
-6.9 -6 0 0
-6.8 -6 0 0
-6.7 -6 0 0
-6.6 -6 0.0699858 0.0629963
-6.5 -6 0.0779861 0.0586085
-6.4 -6 0.0859863 0.0542206
-6.3 -6 0.0939865 0.0498328
-6.2 -6 0.101987 0.0454449
-6.1 -6 0.109987 0.041057
-6 -6 0.117987 0.0366692
-5.9 -6 0.125987 0.0322813
-5.8 -6 0.133988 0.0278935
-5.7 -6 0.141988 0.0235056
-5.6 -6 0.149988 0.0191178
-5.5 -6 0.157988 0.0147299
-5.4 -6 0.165988 0.0103421
-5.3 -6 0.173989 0.0059542
-5.2 -6 0.181989 0.00156635
-5.1 -6 0.189989 -0.00282151
-5 -6 0.197989 -0.00720937
-4.9 -6 0.205989 -0.0115972
-4.8 -6 0.21399 -0.0159851
-4.7 -6 0.22199 -0.0203729
-4.6 -6 0.22999 -0.0247608
-4.5 -6 0.23799 -0.0291486
-4.4 -6 0.245991 -0.0335365
-4.3 -6 0.253991 -0.0379244
-4.2 -6 0.261991 -0.0423122
-4.1 -6 0.269991 -0.0467001
-4 -6 0.277991 -0.0510879
-3.9 -6 0.285992 -0.0554758
-3.8 -6 0.293992 -0.0598636
-3.7 -6 0.301992 -0.0642515
-3.6 -6 0.309992 -0.0686393
-3.5 -6 0.450588 -0.0730272
-3.4 -6 0.315096 -0.0774151
-3.3 -6 0.311869 -0.0818029
-3.2 -6 0.308641 -0.0861908
-3.1 -6 0.305414 -0.0905786
-3 -6 0.302187 -0.0949665
-2.9 -6 0.29896 -0.0993543
-2.8 -6 0.295733 -0.103742
-2.7 -6 0.292505 -0.10813
-2.6 -6 0.289278 -0.112518
-2.5 -6 0.286051 -0.116906
-2.4 -6 0.282824 -0.121294
-2.3 -6 0.279597 -0.125681
-2.2 -6 0.276369 -0.130069
-2.1 -6 0.273142 -0.134457
-2 -6 0.269915 -0.138845
-1.9 -6 0.266688 -0.143233
-1.8 -6 0.263461 -0.147282
-1.7 -6 0.260234 -0.150509
-1.6 -6 0.257006 -0.153736
-1.5 -6 0.253779 -0.156963
-1.4 -6 0.250552 -0.160191
-1.3 -6 0.247325 -0.163418
-1.2 -6 0.244098 -0.166645
-1.1 -6 0.24087 -0.169872
-1 -6 0.237643 -0.173099
-0.9 -6 0.234416 -0.176327
-0.8 -6 0.231189 -0.179554
-0.7 -6 0.227962 -0.182781
-0.6 -6 0.224734 -0.186008
-0.5 -6 0.221507 -0.189235
-0.4 -6 0.21828 -0.192463
-0.3 -6 0.215053 -0.19569
-0.2 -6 0.211826 -0.198917
-0.1 -6 0.208598 -0.202144
1.52933e-14 -6 0.205371 -0.205371
0.1 -6 0.202144 -0.208598
0.2 -6 0.198917 -0.211826
0.3 -6 0.19569 -0.215053
0.4 -6 0.192463 -0.21828
0.5 -6 0.189235 -0.221507
0.6 -6 0.186008 -0.224734
0.7 -6 0.182781 -0.227962
0.8 -6 0.179554 -0.231189
0.9 -6 0.176327 -0.234416
1 -6 0.173099 -0.237643
1.1 -6 0.169872 -0.24087
1.2 -6 0.166645 -0.244098
1.3 -6 0.163418 -0.247325
1.4 -6 0.160191 -0.250552
1.5 -6 0.156963 -0.253779
1.6 -6 0.153736 -0.257006
1.7 -6 0.150509 -0.260234
1.8 -6 0.147282 -0.263461
1.9 -6 0.143233 -0.266688
2 -6 0.138845 -0.269915
2.1 -6 0.134457 -0.273142
2.2 -6 0.130069 -0.276369
2.3 -6 0.125681 -0.279597
2.4 -6 0.121294 -0.282824
2.5 -6 0.116906 -0.286051
2.6 -6 0.112518 -0.289278
2.7 -6 0.10813 -0.292505
2.8 -6 0.103742 -0.295733
2.9 -6 0.0993543 -0.29896
3 -6 0.0949665 -0.302187
3.1 -6 0.0905786 -0.305414
3.2 -6 0.0861908 -0.308641
3.3 -6 0.0818029 -0.311869
3.4 -6 0.0774151 -0.315096
3.5 -6 -0.0592378 -0.450257
3.6 -6 0.0686393 -0.309992
3.7 -6 0.0642515 -0.301992
3.8 -6 0.0598636 -0.293992
3.9 -6 0.0554758 -0.285992
4 -6 0.0510879 -0.277991
4.1 -6 0.0467001 -0.269991
4.2 -6 0.0423122 -0.261991
4.3 -6 0.0379244 -0.253991
4.4 -6 0.0335365 -0.245991
4.5 -6 0.0291486 -0.23799
4.6 -6 0.0247608 -0.22999
4.7 -6 0.0203729 -0.22199
4.8 -6 0.0159851 -0.21399
4.9 -6 0.0115972 -0.205989
5 -6 0.00720937 -0.197989
5.1 -6 0.00282151 -0.189989
5.2 -6 -0.00156635 -0.181989
5.3 -6 -0.0059542 -0.173989
5.4 -6 -0.0103421 -0.165988
5.5 -6 -0.0147299 -0.157988
5.6 -6 -0.0191178 -0.149988
5.7 -6 -0.0235056 -0.141988
5.8 -6 -0.0278935 -0.133988
5.9 -6 -0.0322813 -0.125987
6 -6 -0.0366692 -0.117987
6.1 -6 -0.041057 -0.109987
6.2 -6 -0.0454449 -0.101987
6.3 -6 -0.0498328 -0.0939865
6.4 -6 -0.0542206 -0.0859863
6.5 -6 -0.0586085 -0.0779861
6.6 -6 -0.0629963 -0.0699858
6.7 -6 0 0
6.8 -6 0 0
6.9 -6 0 0
7 -6 0 0
7.1 -6 0 0
7.2 -6 0 0
7.3 -6 0 0
7.4 -6 0 0
7.5 -6 0 0
7.6 -6 0 0
7.7 -6 0 0
7.8 -6 0 0
7.9 -6 0 0
8 -6 0 0
8.1 -6 0 0
8.2 -6 0 0
8.3 -6 0 0
8.4 -6 0 0
8.5 -6 0 0
8.6 -6 0 0
8.7 -6 0 0
8.8 -6 0 0
8.9 -6 0 0
9 -6 0 0
9.1 -6 0 0
9.2 -6 0 0
9.3 -6 0 0
9.4 -6 0 0
9.5 -6 0 0
9.6 -6 0 0
9.7 -6 0 0
9.8 -6 0 0
9.9 -6 0 0
10 -6 0 0
10.1 -6 0 0
10.2 -6 0 0
10.3 -6 0 0
10.4 -6 0 0
10.5 -6 0 0
10.6 -6 0 0
10.7 -6 0 0
10.8 -6 0 0
10.9 -6 0 0
11 -6 0 0
11.1 -6 0 0
11.2 -6 0 0
11.3 -6 0 0
11.4 -6 0 0
11.5 -6 0 0
11.6 -6 0 0
11.7 -6 0 0
11.8 -6 0 0
11.9 -6 0 0
12 -6 0 0
12.1 -6 0 0
12.2 -6 0 0
12.3 -6 0 0
12.4 -6 0 0
12.5 -6 0 0
12.6 -6 0 0
12.7 -6 0 0
12.8 -6 0 0
12.9 -6 0 0
13 -6 0 0
13.1 -6 0 0
13.2 -6 0 0
13.3 -6 0 0
13.4 -6 0 0
13.5 -6 0 0
13.6 -6 0 0
13.7 -6 0 0
13.8 -6 0 0
13.9 -6 0 0
14 -6 0 0
14.1 -6 0 0
14.2 -6 0 0
14.3 -6 0 0
14.4 -6 0 0
14.5 -6 0 0
14.6 -6 0 0
14.7 -6 0 0
14.8 -6 0 0
14.9 -6 0 0
15 -6 0 0
15.1 -6 0 0
15.2 -6 0 0
15.3 -6 0 0
15.4 -6 0 0
15.5 -6 0 0
15.6 -6 0 0
15.7 -6 0 0
15.8 -6 0 0
15.9 -6 0 0
16 -6 0 0
16.1 -6 0 0
16.2 -6 0 0
16.3 -6 0 0
16.4 -6 0 0
16.5 -6 0 0
16.6 -6 0 0
16.7 -6 0 0
16.8 -6 0 0
16.9 -6 0 0
17 -6 0 0
17.1 -6 0 0
17.2 -6 0 0
17.3 -6 0 0
17.4 -6 0 0
17.5 -6 0 0
17.6 -6 0 0
17.7 -6 0 0
17.8 -6 0 0
17.9 -6 0 0
18 -6 0 0
18.1 -6 0 0
18.2 -6 0 0
18.3 -6 0 0
18.4 -6 0 0
18.5 -6 0 0
18.6 -6 0 0
18.7 -6 0 0
18.8 -6 0 0
18.9 -6 0 0
19 -6 0 0
19.1 -6 0 0
19.2 -6 0 0
19.3 -6 0 0
19.4 -6 0 0
19.5 -6 0 0
19.6 -6 0 0
19.7 -6 0 0
19.8 -6 0 0
19.9 -6 0 0
-20 -5 0 0
-19.9 -5 0 0
-19.8 -5 0 0
-19.7 -5 0 0
-19.6 -5 0 0
-19.5 -5 0 0
-19.4 -5 0 0
-19.3 -5 0 0
-19.2 -5 0 0
-19.1 -5 0 0
-19 -5 0 0
-18.9 -5 0 0
-18.8 -5 0 0
-18.7 -5 0 0
-18.6 -5 0 0
-18.5 -5 0 0
-18.4 -5 0 0
-18.3 -5 0 0
-18.2 -5 0 0
-18.1 -5 0 0
-18 -5 0 0
-17.9 -5 0 0
-17.8 -5 0 0
-17.7 -5 0 0
-17.6 -5 0 0
-17.5 -5 0 0
-17.4 -5 0 0
-17.3 -5 0 0
-17.2 -5 0 0
-17.1 -5 0 0
-17 -5 0 0
-16.9 -5 0 0
-16.8 -5 0 0
-16.7 -5 0 0
-16.6 -5 0 0
-16.5 -5 0 0
-16.4 -5 0 0
-16.3 -5 0 0
-16.2 -5 0 0
-16.1 -5 0 0
-16 -5 0 0
-15.9 -5 0 0
-15.8 -5 0 0
-15.7 -5 0 0
-15.6 -5 0 0
-15.5 -5 0 0
-15.4 -5 0 0
-15.3 -5 0 0
-15.2 -5 0 0
-15.1 -5 0 0
-15 -5 0 0
-14.9 -5 0 0
-14.8 -5 0 0
-14.7 -5 0 0
-14.6 -5 0 0
-14.5 -5 0 0
-14.4 -5 0 0
-14.3 -5 0 0
-14.2 -5 0 0
-14.1 -5 0 0
-14 -5 0 0
-13.9 -5 0 0
-13.8 -5 0 0
-13.7 -5 0 0
-13.6 -5 0 0
-13.5 -5 0 0
-13.4 -5 0 0
-13.3 -5 0 0
-13.2 -5 0 0
-13.1 -5 0 0
-13 -5 0 0
-12.9 -5 0 0
-12.8 -5 0 0
-12.7 -5 0 0
-12.6 -5 0 0
-12.5 -5 0 0
-12.4 -5 0 0
-12.3 -5 0 0
-12.2 -5 0 0
-12.1 -5 0 0
-12 -5 0 0
-11.9 -5 0 0
-11.8 -5 0 0
-11.7 -5 0 0
-11.6 -5 0 0
-11.5 -5 0 0
-11.4 -5 0 0
-11.3 -5 0 0
-11.2 -5 0 0
-11.1 -5 0 0
-11 -5 0 0
-10.9 -5 0 0
-10.8 -5 0 0
-10.7 -5 0 0
-10.6 -5 0 0
-10.5 -5 0 0
-10.4 -5 0 0
-10.3 -5 0 0
-10.2 -5 0 0
-10.1 -5 0 0
-10 -5 0 0
-9.9 -5 0 0
-9.8 -5 0 0
-9.7 -5 0 0
-9.6 -5 0 0
-9.5 -5 0 0
-9.4 -5 0 0
-9.3 -5 0 0
-9.2 -5 0 0
-9.1 -5 0 0
-9 -5 0 0
-8.9 -5 0 0
-8.8 -5 0 0
-8.7 -5 0 0
-8.6 -5 0 0
-8.5 -5 0 0
-8.4 -5 0 0
-8.3 -5 0 0
-8.2 -5 0 0
-8.1 -5 0 0
-8 -5 0 0
-7.9 -5 0 0
-7.8 -5 0 0
-7.7 -5 0 0
-7.6 -5 0 0
-7.5 -5 0 0
-7.4 -5 0 0
-7.3 -5 0 0
-7.2 -5 0 0
-7.1 -5 0 0
-7 -5 0 0
-6.9 -5 0 0
-6.8 -5 0 0
-6.7 -5 0 0
-6.6 -5 0 0
-6.5 -5 0 0
-6.4 -5 0.0859863 0.0816843
-6.3 -5 0.0939865 0.0772964
-6.2 -5 0.101987 0.0729086
-6.1 -5 0.109987 0.0685207
-6 -5 0.117987 0.0641329
-5.9 -5 0.125987 0.059745
-5.8 -5 0.133988 0.0553572
-5.7 -5 0.141988 0.0509693
-5.6 -5 0.149988 0.0465815
-5.5 -5 0.157988 0.0421936
-5.4 -5 0.165988 0.0378057
-5.3 -5 0.173989 0.0334179
-5.2 -5 0.181989 0.02903
-5.1 -5 0.189989 0.0246422
-5 -5 0.197989 0.0202543
-4.9 -5 0.205989 0.0158665
-4.8 -5 0.21399 0.0114786
-4.7 -5 0.22199 0.00709076
-4.6 -5 0.22999 0.0027029
-4.5 -5 0.23799 -0.00168495
-4.4 -5 0.245991 -0.00607281
-4.3 -5 0.253991 -0.0104607
-4.2 -5 0.261991 -0.0148485
-4.1 -5 0.269991 -0.0192364
-4 -5 0.277991 -0.0236242
-3.9 -5 0.285992 -0.0280121
-3.8 -5 0.293992 -0.0323999
-3.7 -5 0.299887 -0.0367878
-3.6 -5 0.29666 -0.0411757
-3.5 -5 0.293432 -0.0455635
-3.4 -5 0.290205 -0.0499514
-3.3 -5 0.286978 -0.0543392
-3.2 -5 0.283751 -0.0587271
-3.1 -5 0.280524 -0.0631149
-3 -5 0.277296 -0.0675028
-2.9 -5 0.274069 -0.0718906
-2.8 -5 0.270842 -0.0762785
-2.7 -5 0.267615 -0.0806663
-2.6 -5 0.264388 -0.0850542
-2.5 -5 0.26116 -0.0894421
-2.4 -5 0.257933 -0.0938299
-2.3 -5 0.254706 -0.0982178
-2.2 -5 0.251479 -0.102606
-2.1 -5 0.248252 -0.106993
-2 -5 0.245025 -0.111381
-1.9 -5 0.241797 -0.115769
-1.8 -5 0.23857 -0.120157
-1.7 -5 0.235343 -0.124545
-1.6 -5 0.29258 -0.128846
-1.5 -5 0.228889 -0.132073
-1.4 -5 0.225661 -0.1353
-1.3 -5 0.222434 -0.138527
-1.2 -5 0.219207 -0.141754
-1.1 -5 0.21598 -0.144982
-1 -5 0.212753 -0.148209
-0.9 -5 0.209525 -0.151436
-0.8 -5 0.206298 -0.154663
-0.7 -5 0.203071 -0.15789
-0.6 -5 0.199844 -0.161118
-0.5 -5 0.196617 -0.164345
-0.4 -5 0.193389 -0.167572
-0.3 -5 0.190162 -0.170799
-0.2 -5 0.186935 -0.174026
-0.1 -5 0.183708 -0.177254
1.52933e-14 -5 0.180481 -0.180481
0.1 -5 0.177254 -0.183708
0.2 -5 0.174026 -0.186935
0.3 -5 0.170799 -0.190162
0.4 -5 0.167572 -0.193389
0.5 -5 0.164345 -0.196617
0.6 -5 0.161118 -0.199844
0.7 -5 0.15789 -0.203071
0.8 -5 0.154663 -0.206298
0.9 -5 0.151436 -0.209525
1 -5 0.148209 -0.212753
1.1 -5 0.144982 -0.21598
1.2 -5 0.141754 -0.219207
1.3 -5 0.138527 -0.222434
1.4 -5 0.1353 -0.225661
1.5 -5 0.132073 -0.228889
1.6 -5 0.0684688 -0.232116
1.7 -5 0.124545 -0.235343
1.8 -5 0.120157 -0.23857
1.9 -5 0.115769 -0.241797
2 -5 0.111381 -0.245025
2.1 -5 0.106993 -0.248252
2.2 -5 0.102606 -0.251479
2.3 -5 0.0982178 -0.254706
2.4 -5 0.0938299 -0.257933
2.5 -5 0.0894421 -0.26116
2.6 -5 0.0850542 -0.264388
2.7 -5 0.0806663 -0.267615
2.8 -5 0.0762785 -0.270842
2.9 -5 0.0718906 -0.274069
3 -5 0.0675028 -0.277296
3.1 -5 0.0631149 -0.280524
3.2 -5 0.0587271 -0.283751
3.3 -5 0.0543392 -0.286978
3.4 -5 0.0499514 -0.290205
3.5 -5 0.0455635 -0.293432
3.6 -5 0.0411757 -0.29666
3.7 -5 0.0367878 -0.299887
3.8 -5 0.0323999 -0.293992
3.9 -5 0.0280121 -0.285992
4 -5 0.0236242 -0.277991
4.1 -5 0.0192364 -0.269991
4.2 -5 0.0148485 -0.261991
4.3 -5 0.0104607 -0.253991
4.4 -5 0.00607281 -0.245991
4.5 -5 0.00168495 -0.23799
4.6 -5 -0.0027029 -0.22999
4.7 -5 -0.00709076 -0.22199
4.8 -5 -0.0114786 -0.21399
4.9 -5 -0.0158665 -0.205989
5 -5 -0.0202543 -0.197989
5.1 -5 -0.0246422 -0.189989
5.2 -5 -0.02903 -0.181989
5.3 -5 -0.0334179 -0.173989
5.4 -5 -0.0378057 -0.165988
5.5 -5 -0.0421936 -0.157988
5.6 -5 -0.0465815 -0.149988
5.7 -5 -0.0509693 -0.141988
5.8 -5 -0.0553572 -0.133988
5.9 -5 -0.059745 -0.125987
6 -5 -0.0641329 -0.117987
6.1 -5 -0.0685207 -0.109987
6.2 -5 -0.0729086 -0.101987
6.3 -5 -0.0772964 -0.0939865
6.4 -5 -0.0816843 -0.0859863
6.5 -5 0 0
6.6 -5 0 0
6.7 -5 0 0
6.8 -5 0 0
6.9 -5 0 0
7 -5 0 0
7.1 -5 0 0
7.2 -5 0 0
7.3 -5 0 0
7.4 -5 0 0
7.5 -5 0 0
7.6 -5 0 0
7.7 -5 0 0
7.8 -5 0 0
7.9 -5 0 0
8 -5 0 0
8.1 -5 0 0
8.2 -5 0 0
8.3 -5 0 0
8.4 -5 0 0
8.5 -5 0 0
8.6 -5 0 0
8.7 -5 0 0
8.8 -5 0 0
8.9 -5 0 0
9 -5 0 0
9.1 -5 0 0
9.2 -5 0 0
9.3 -5 0 0
9.4 -5 0 0
9.5 -5 0 0
9.6 -5 0 0
9.7 -5 0 0
9.8 -5 0 0
9.9 -5 0 0
10 -5 0 0
10.1 -5 0 0
10.2 -5 0 0
10.3 -5 0 0
10.4 -5 0 0
10.5 -5 0 0
10.6 -5 0 0
10.7 -5 0 0
10.8 -5 0 0
10.9 -5 0 0
11 -5 0 0
11.1 -5 0 0
11.2 -5 0 0
11.3 -5 0 0
11.4 -5 0 0
11.5 -5 0 0
11.6 -5 0 0
11.7 -5 0 0
11.8 -5 0 0
11.9 -5 0 0
12 -5 0 0
12.1 -5 0 0
12.2 -5 0 0
12.3 -5 0 0
12.4 -5 0 0
12.5 -5 0 0
12.6 -5 0 0
12.7 -5 0 0
12.8 -5 0 0
12.9 -5 0 0
13 -5 0 0
13.1 -5 0 0
13.2 -5 0 0
13.3 -5 0 0
13.4 -5 0 0
13.5 -5 0 0
13.6 -5 0 0
13.7 -5 0 0
13.8 -5 0 0
13.9 -5 0 0
14 -5 0 0
14.1 -5 0 0
14.2 -5 0 0
14.3 -5 0 0
14.4 -5 0 0
14.5 -5 0 0
14.6 -5 0 0
14.7 -5 0 0
14.8 -5 0 0
14.9 -5 0 0
15 -5 0 0
15.1 -5 0 0
15.2 -5 0 0
15.3 -5 0 0
15.4 -5 0 0
15.5 -5 0 0
15.6 -5 0 0
15.7 -5 0 0
15.8 -5 0 0
15.9 -5 0 0
16 -5 0 0
16.1 -5 0 0
16.2 -5 0 0
16.3 -5 0 0
16.4 -5 0 0
16.5 -5 0 0
16.6 -5 0 0
16.7 -5 0 0
16.8 -5 0 0
16.9 -5 0 0
17 -5 0 0
17.1 -5 0 0
17.2 -5 0 0
17.3 -5 0 0
17.4 -5 0 0
17.5 -5 0 0
17.6 -5 0 0
17.7 -5 0 0
17.8 -5 0 0
17.9 -5 0 0
18 -5 0 0
18.1 -5 0 0
18.2 -5 0 0
18.3 -5 0 0
18.4 -5 0 0
18.5 -5 0 0
18.6 -5 0 0
18.7 -5 0 0
18.8 -5 0 0
18.9 -5 0 0
19 -5 0 0
19.1 -5 0 0
19.2 -5 0 0
19.3 -5 0 0
19.4 -5 0 0
19.5 -5 0 0
19.6 -5 0 0
19.7 -5 0 0
19.8 -5 0 0
19.9 -5 0 0
-20 -4 0 0
-19.9 -4 0 0
-19.8 -4 0 0
-19.7 -4 0 0
-19.6 -4 0 0
-19.5 -4 0 0
-19.4 -4 0 0
-19.3 -4 0 0
-19.2 -4 0 0
-19.1 -4 0 0
-19 -4 0 0
-18.9 -4 0 0
-18.8 -4 0 0
-18.7 -4 0 0
-18.6 -4 0 0
-18.5 -4 0 0
-18.4 -4 0 0
-18.3 -4 0 0
-18.2 -4 0 0
-18.1 -4 0 0
-18 -4 0 0
-17.9 -4 0 0
-17.8 -4 0 0
-17.7 -4 0 0
-17.6 -4 0 0
-17.5 -4 0 0
-17.4 -4 0 0
-17.3 -4 0 0
-17.2 -4 0 0
-17.1 -4 0 0
-17 -4 0 0
-16.9 -4 0 0
-16.8 -4 0 0
-16.7 -4 0 0
-16.6 -4 0 0
-16.5 -4 0 0
-16.4 -4 0 0
-16.3 -4 0 0
-16.2 -4 0 0
-16.1 -4 0 0
-16 -4 0 0
-15.9 -4 0 0
-15.8 -4 0 0
-15.7 -4 0 0
-15.6 -4 0 0
-15.5 -4 0 0
-15.4 -4 0 0
-15.3 -4 0 0
-15.2 -4 0 0
-15.1 -4 0 0
-15 -4 0 0
-14.9 -4 0 0
-14.8 -4 0 0
-14.7 -4 0 0
-14.6 -4 0 0
-14.5 -4 0 0
-14.4 -4 0 0
-14.3 -4 0 0
-14.2 -4 0 0
-14.1 -4 0 0
-14 -4 0 0
-13.9 -4 0 0
-13.8 -4 0 0
-13.7 -4 0 0
-13.6 -4 0 0
-13.5 -4 0 0
-13.4 -4 0 0
-13.3 -4 0 0
-13.2 -4 0 0
-13.1 -4 0 0
-13 -4 0 0
-12.9 -4 0 0
-12.8 -4 0 0
-12.7 -4 0 0
-12.6 -4 0 0
-12.5 -4 0 0
-12.4 -4 0 0
-12.3 -4 0 0
-12.2 -4 0 0
-12.1 -4 0 0
-12 -4 0 0
-11.9 -4 0 0
-11.8 -4 0 0
-11.7 -4 0 0
-11.6 -4 0 0
-11.5 -4 0 0
-11.4 -4 0 0
-11.3 -4 0 0
-11.2 -4 0 0
-11.1 -4 0 0
-11 -4 0 0
-10.9 -4 0 0
-10.8 -4 0 0
-10.7 -4 0 0
-10.6 -4 0 0
-10.5 -4 0 0
-10.4 -4 0 0
-10.3 -4 0 0
-10.2 -4 0 0
-10.1 -4 0 0
-10 -4 0 0
-9.9 -4 0 0
-9.8 -4 0 0
-9.7 -4 0 0
-9.6 -4 0 0
-9.5 -4 0 0
-9.4 -4 0 0
-9.3 -4 0 0
-9.2 -4 0 0
-9.1 -4 0 0
-9 -4 0 0
-8.9 -4 0 0
-8.8 -4 0 0
-8.7 -4 0 0
-8.6 -4 0 0
-8.5 -4 0 0
-8.4 -4 0 0
-8.3 -4 0 0
-8.2 -4 0 0
-8.1 -4 0 0
-8 -4 0 0
-7.9 -4 0 0
-7.8 -4 0 0
-7.7 -4 0 0
-7.6 -4 0 0
-7.5 -4 0 0
-7.4 -4 0 0
-7.3 -4 0 0
-7.2 -4 0 0
-7.1 -4 0 0
-7 -4 0 0
-6.9 -4 0 0
-6.8 -4 0 0
-6.7 -4 0 0
-6.6 -4 0 0
-6.5 -4 0 0
-6.4 -4 0 0
-6.3 -4 0 0
-6.2 -4 0.101987 0.100372
-6.1 -4 0.109987 0.0959844
-6 -4 0.117987 0.0915966
-5.9 -4 0.125987 0.0872087
-5.8 -4 0.133988 0.0828209
-5.7 -4 0.141988 0.078433
-5.6 -4 0.149988 0.0740451
-5.5 -4 0.157988 0.0696573
-5.4 -4 0.165988 0.0652694
-5.3 -4 0.173989 0.0608816
-5.2 -4 0.181989 0.0564937
-5.1 -4 0.189989 0.0521059
-5 -4 0.197989 0.047718
-4.9 -4 0.205989 0.0433302
-4.8 -4 0.21399 0.0389423
-4.7 -4 0.22199 0.0345544
-4.6 -4 0.22999 0.0301666
-4.5 -4 0.23799 0.0257787
-4.4 -4 0.245991 0.0213909
-4.3 -4 0.253991 0.017003
-4.2 -4 0.261991 0.0126152
-4.1 -4 0.269991 0.00822732
-4 -4 0.277991 0.00383946
-3.9 -4 0.281451 -0.000548395
-3.8 -4 0.278223 -0.00493625
-3.7 -4 0.274996 -0.00932411
-3.6 -4 0.271769 -0.013712
-3.5 -4 0.268542 -0.0180998
-3.4 -4 0.265315 -0.0224877
-3.3 -4 0.262087 -0.0268755
-3.2 -4 0.25886 -0.0312634
-3.1 -4 0.255633 -0.0356512
-3 -4 0.252406 -0.0400391
-2.9 -4 0.249179 -0.0444269
-2.8 -4 0.245951 -0.0488148
-2.7 -4 0.242724 -0.0532027
-2.6 -4 0.239497 -0.0575905
-2.5 -4 0.23627 -0.0619784
-2.4 -4 0.233043 -0.0663662
-2.3 -4 0.229816 -0.0707541
-2.2 -4 0.226588 -0.0751419
-2.1 -4 0.223361 -0.0795298
-2 -4 0.220134 -0.0839176
-1.9 -4 0.216907 -0.0883055
-1.8 -4 0.21368 -0.0926934
-1.7 -4 0.210452 -0.0970812
-1.6 -4 0.207225 -0.101469
-1.5 -4 0.203998 -0.105857
-1.4 -4 0.253677 -0.11041
-1.3 -4 0.197544 -0.113637
-1.2 -4 0.194316 -0.116864
-1.1 -4 0.191089 -0.120091
-1 -4 0.187862 -0.123318
-0.9 -4 0.184635 -0.126545
-0.8 -4 0.181408 -0.129773
-0.7 -4 0.17818 -0.133
-0.6 -4 0.174953 -0.136227
-0.5 -4 0.171726 -0.139454
-0.4 -4 0.168499 -0.142681
-0.3 -4 0.165272 -0.145909
-0.2 -4 0.162045 -0.149136
-0.1 -4 0.158817 -0.152363
1.52933e-14 -4 0.15559 -0.15559
0.1 -4 0.152363 -0.158817
0.2 -4 0.149136 -0.162045
0.3 -4 0.145909 -0.165272
0.4 -4 0.142681 -0.168499
0.5 -4 0.139454 -0.171726
0.6 -4 0.136227 -0.174953
0.7 -4 0.133 -0.17818
0.8 -4 0.129773 -0.181408
0.9 -4 0.126545 -0.184635
1 -4 0.123318 -0.187862
1.1 -4 0.120091 -0.191089
1.2 -4 0.116864 -0.194316
1.3 -4 0.113637 -0.197544
1.4 -4 0.0575035 -0.200771
1.5 -4 0.105857 -0.203998
1.6 -4 0.101469 -0.207225
1.7 -4 0.0970812 -0.210452
1.8 -4 0.0926934 -0.21368
1.9 -4 0.0883055 -0.216907
2 -4 0.0839176 -0.220134
2.1 -4 0.0795298 -0.223361
2.2 -4 0.0751419 -0.226588
2.3 -4 0.0707541 -0.229816
2.4 -4 0.0663662 -0.233043
2.5 -4 0.0619784 -0.23627
2.6 -4 0.0575905 -0.239497
2.7 -4 0.0532027 -0.242724
2.8 -4 0.0488148 -0.245951
2.9 -4 0.0444269 -0.249179
3 -4 0.0400391 -0.252406
3.1 -4 0.0356512 -0.255633
3.2 -4 0.0312634 -0.25886
3.3 -4 0.0268755 -0.262087
3.4 -4 0.0224877 -0.265315
3.5 -4 0.0180998 -0.268542
3.6 -4 0.013712 -0.271769
3.7 -4 0.00932411 -0.274996
3.8 -4 0.00493625 -0.278223
3.9 -4 0.000548395 -0.281451
4 -4 -0.00383946 -0.277991
4.1 -4 -0.00822732 -0.269991
4.2 -4 -0.0126152 -0.261991
4.3 -4 -0.017003 -0.253991
4.4 -4 -0.0213909 -0.245991
4.5 -4 -0.0257787 -0.23799
4.6 -4 -0.0301666 -0.22999
4.7 -4 -0.0345544 -0.22199
4.8 -4 -0.0389423 -0.21399
4.9 -4 -0.0433302 -0.205989
5 -4 -0.047718 -0.197989
5.1 -4 -0.0521059 -0.189989
5.2 -4 -0.0564937 -0.181989
5.3 -4 -0.0608816 -0.173989
5.4 -4 -0.0652694 -0.165988
5.5 -4 -0.0696573 -0.157988
5.6 -4 -0.0740451 -0.149988
5.7 -4 -0.078433 -0.141988
5.8 -4 -0.0828209 -0.133988
5.9 -4 -0.0872087 -0.125987
6 -4 -0.0915966 -0.117987
6.1 -4 -0.0959844 -0.109987
6.2 -4 -0.100372 -0.101987
6.3 -4 0 0
6.4 -4 0 0
6.5 -4 0 0
6.6 -4 0 0
6.7 -4 0 0
6.8 -4 0 0
6.9 -4 0 0
7 -4 0 0
7.1 -4 0 0
7.2 -4 0 0
7.3 -4 0 0
7.4 -4 0 0
7.5 -4 0 0
7.6 -4 0 0
7.7 -4 0 0
7.8 -4 0 0
7.9 -4 0 0
8 -4 0 0
8.1 -4 0 0
8.2 -4 0 0
8.3 -4 0 0
8.4 -4 0 0
8.5 -4 0 0
8.6 -4 0 0
8.7 -4 0 0
8.8 -4 0 0
8.9 -4 0 0
9 -4 0 0
9.1 -4 0 0
9.2 -4 0 0
9.3 -4 0 0
9.4 -4 0 0
9.5 -4 0 0
9.6 -4 0 0
9.7 -4 0 0
9.8 -4 0 0
9.9 -4 0 0
10 -4 0 0
10.1 -4 0 0
10.2 -4 0 0
10.3 -4 0 0
10.4 -4 0 0
10.5 -4 0 0
10.6 -4 0 0
10.7 -4 0 0
10.8 -4 0 0
10.9 -4 0 0
11 -4 0 0
11.1 -4 0 0
11.2 -4 0 0
11.3 -4 0 0
11.4 -4 0 0
11.5 -4 0 0
11.6 -4 0 0
11.7 -4 0 0
11.8 -4 0 0
11.9 -4 0 0
12 -4 0 0
12.1 -4 0 0
12.2 -4 0 0
12.3 -4 0 0
12.4 -4 0 0
12.5 -4 0 0
12.6 -4 0 0
12.7 -4 0 0
12.8 -4 0 0
12.9 -4 0 0
13 -4 0 0
13.1 -4 0 0
13.2 -4 0 0
13.3 -4 0 0
13.4 -4 0 0
13.5 -4 0 0
13.6 -4 0 0
13.7 -4 0 0
13.8 -4 0 0
13.9 -4 0 0
14 -4 0 0
14.1 -4 0 0
14.2 -4 0 0
14.3 -4 0 0
14.4 -4 0 0
14.5 -4 0 0
14.6 -4 0 0
14.7 -4 0 0
14.8 -4 0 0
14.9 -4 0 0
15 -4 0 0
15.1 -4 0 0
15.2 -4 0 0
15.3 -4 0 0
15.4 -4 0 0
15.5 -4 0 0
15.6 -4 0 0
15.7 -4 0 0
15.8 -4 0 0
15.9 -4 0 0
16 -4 0 0
16.1 -4 0 0
16.2 -4 0 0
16.3 -4 0 0
16.4 -4 0 0
16.5 -4 0 0
16.6 -4 0 0
16.7 -4 0 0
16.8 -4 0 0
16.9 -4 0 0
17 -4 0 0
17.1 -4 0 0
17.2 -4 0 0
17.3 -4 0 0
17.4 -4 0 0
17.5 -4 0 0
17.6 -4 0 0
17.7 -4 0 0
17.8 -4 0 0
17.9 -4 0 0
18 -4 0 0
18.1 -4 0 0
18.2 -4 0 0
18.3 -4 0 0
18.4 -4 0 0
18.5 -4 0 0
18.6 -4 0 0
18.7 -4 0 0
18.8 -4 0 0
18.9 -4 0 0
19 -4 0 0
19.1 -4 0 0
19.2 -4 0 0
19.3 -4 0 0
19.4 -4 0 0
19.5 -4 0 0
19.6 -4 0 0
19.7 -4 0 0
19.8 -4 0 0
19.9 -4 0 0
-20 -3 0 0
-19.9 -3 0 0
-19.8 -3 0 0
-19.7 -3 0 0
-19.6 -3 0 0
-19.5 -3 0 0
-19.4 -3 0 0
-19.3 -3 0 0
-19.2 -3 0 0
-19.1 -3 0 0
-19 -3 0 0
-18.9 -3 0 0
-18.8 -3 0 0
-18.7 -3 0 0
-18.6 -3 0 0
-18.5 -3 0 0
-18.4 -3 0 0
-18.3 -3 0 0
-18.2 -3 0 0
-18.1 -3 0 0
-18 -3 0 0
-17.9 -3 0 0
-17.8 -3 0 0
-17.7 -3 0 0
-17.6 -3 0 0
-17.5 -3 0 0
-17.4 -3 0 0
-17.3 -3 0 0
-17.2 -3 0 0
-17.1 -3 0 0
-17 -3 0 0
-16.9 -3 0 0
-16.8 -3 0 0
-16.7 -3 0 0
-16.6 -3 0 0
-16.5 -3 0 0
-16.4 -3 0 0
-16.3 -3 0 0
-16.2 -3 0 0
-16.1 -3 0 0
-16 -3 0 0
-15.9 -3 0 0
-15.8 -3 0 0
-15.7 -3 0 0
-15.6 -3 0 0
-15.5 -3 0 0
-15.4 -3 0 0
-15.3 -3 0 0
-15.2 -3 0 0
-15.1 -3 0 0
-15 -3 0 0
-14.9 -3 0 0
-14.8 -3 0 0
-14.7 -3 0 0
-14.6 -3 0 0
-14.5 -3 0 0
-14.4 -3 0 0
-14.3 -3 0 0
-14.2 -3 0 0
-14.1 -3 0 0
-14 -3 0 0
-13.9 -3 0 0
-13.8 -3 0 0
-13.7 -3 0 0
-13.6 -3 0 0
-13.5 -3 0 0
-13.4 -3 0 0
-13.3 -3 0 0
-13.2 -3 0 0
-13.1 -3 0 0
-13 -3 0 0
-12.9 -3 0 0
-12.8 -3 0 0
-12.7 -3 0 0
-12.6 -3 0 0
-12.5 -3 0 0
-12.4 -3 0 0
-12.3 -3 0 0
-12.2 -3 0 0
-12.1 -3 0 0
-12 -3 0 0
-11.9 -3 0 0
-11.8 -3 0 0
-11.7 -3 0 0
-11.6 -3 0 0
-11.5 -3 0 0
-11.4 -3 0 0
-11.3 -3 0 0
-11.2 -3 0 0
-11.1 -3 0 0
-11 -3 0 0
-10.9 -3 0 0
-10.8 -3 0 0
-10.7 -3 0 0
-10.6 -3 0 0
-10.5 -3 0 0
-10.4 -3 0 0
-10.3 -3 0 0
-10.2 -3 0 0
-10.1 -3 0 0
-10 -3 0 0
-9.9 -3 0 0
-9.8 -3 0 0
-9.7 -3 0 0
-9.6 -3 0 0
-9.5 -3 0 0
-9.4 -3 0 0
-9.3 -3 0 0
-9.2 -3 0 0
-9.1 -3 0 0
-9 -3 0 0
-8.9 -3 0 0
-8.8 -3 0 0
-8.7 -3 0 0
-8.6 -3 0 0
-8.5 -3 0 0
-8.4 -3 0 0
-8.3 -3 0 0
-8.2 -3 0 0
-8.1 -3 0 0
-8 -3 0 0
-7.9 -3 0 0
-7.8 -3 0 0
-7.7 -3 0 0
-7.6 -3 0 0
-7.5 -3 0 0
-7.4 -3 0 0
-7.3 -3 0 0
-7.2 -3 0 0
-7.1 -3 0 0
-7 -3 0 0
-6.9 -3 0 0
-6.8 -3 0 0
-6.7 -3 0 0
-6.6 -3 0 0
-6.5 -3 0 0
-6.4 -3 0 0
-6.3 -3 0 0
-6.2 -3 0 0
-6.1 -3 0 0
-6 -3 0 0
-5.9 -3 0.125987 0.114672
-5.8 -3 0.133988 0.110285
-5.7 -3 0.141988 0.105897
-5.6 -3 0.149988 0.101509
-5.5 -3 0.157988 0.097121
-5.4 -3 0.165988 0.0927331
-5.3 -3 0.173989 0.0883453
-5.2 -3 0.181989 0.0839574
-5.1 -3 0.189989 0.0795696
-5 -3 0.197989 0.0751817
-4.9 -3 0.205989 0.0707938
-4.8 -3 0.21399 0.066406
-4.7 -3 0.22199 0.0620181
-4.6 -3 0.22999 0.0576303
-4.5 -3 0.23799 0.0532424
-4.4 -3 0.245991 0.0488546
-4.3 -3 0.253991 0.0444667
-4.2 -3 0.261991 0.0400789
-4.1 -3 0.263014 0.035691
-4 -3 0.259787 0.0313031
-3.9 -3 0.25656 0.0269153
-3.8 -3 0.253333 0.0225274
-3.7 -3 0.250106 0.0181396
-3.6 -3 0.246878 0.0137517
-3.5 -3 0.243651 0.00936387
-3.4 -3 0.240424 0.00497602
-3.3 -3 0.237197 0.000588162
-3.2 -3 0.23397 -0.00379969
-3.1 -3 0.230742 -0.00818755
-3 -3 0.227515 -0.0125754
-2.9 -3 0.224288 -0.0169633
-2.8 -3 0.221061 -0.0213511
-2.7 -3 0.217834 -0.025739
-2.6 -3 0.214607 -0.0301268
-2.5 -3 0.211379 -0.0345147
-2.4 -3 0.208152 -0.0389025
-2.3 -3 0.204925 -0.0432904
-2.2 -3 0.201698 -0.0476782
-2.1 -3 0.198471 -0.0520661
-2 -3 0.195243 -0.056454
-1.9 -3 0.192016 -0.0608418
-1.8 -3 0.188789 -0.0652297
-1.7 -3 0.185562 -0.0696175
-1.6 -3 0.182335 -0.0740054
-1.5 -3 0.179107 -0.0783932
-1.4 -3 0.17588 -0.0827811
-1.3 -3 0.172653 -0.0871689
-1.2 -3 0.169426 -0.0915568
-1.1 -3 0.166199 -0.0952005
-1 -3 0.162972 -0.0984277
-0.9 -3 0.159744 -0.101655
-0.8 -3 0.156517 -0.104882
-0.7 -3 0.15329 -0.108109
-0.6 -3 0.150063 -0.111336
-0.5 -3 0.146836 -0.114564
-0.4 -3 0.143608 -0.117791
-0.3 -3 0.140381 -0.121018
-0.2 -3 0.137154 -0.124245
-0.1 -3 0.133927 -0.127472
1.52933e-14 -3 0.1307 -0.1307
0.1 -3 0.127472 -0.133927
0.2 -3 0.124245 -0.137154
0.3 -3 0.121018 -0.140381
0.4 -3 0.117791 -0.143608
0.5 -3 0.114564 -0.146836
0.6 -3 0.111336 -0.150063
0.7 -3 0.108109 -0.15329
0.8 -3 0.104882 -0.156517
0.9 -3 0.101655 -0.159744
1 -3 0.0984277 -0.162972
1.1 -3 0.0952005 -0.166199
1.2 -3 0.0915568 -0.169426
1.3 -3 0.0871689 -0.172653
1.4 -3 0.0827811 -0.17588
1.5 -3 0.0783932 -0.179107
1.6 -3 0.0740054 -0.182335
1.7 -3 0.0696175 -0.185562
1.8 -3 0.0652297 -0.188789
1.9 -3 0.0608418 -0.192016
2 -3 0.056454 -0.195243
2.1 -3 0.0520661 -0.198471
2.2 -3 0.0476782 -0.201698
2.3 -3 0.0432904 -0.204925
2.4 -3 0.0389025 -0.208152
2.5 -3 0.0345147 -0.211379
2.6 -3 0.0301268 -0.214607
2.7 -3 0.025739 -0.217834
2.8 -3 0.0213511 -0.221061
2.9 -3 0.0169633 -0.224288
3 -3 0.0125754 -0.227515
3.1 -3 0.00818755 -0.230742
3.2 -3 0.00379969 -0.23397
3.3 -3 -0.000588162 -0.237197
3.4 -3 -0.00497602 -0.240424
3.5 -3 -0.00936387 -0.243651
3.6 -3 -0.0137517 -0.246878
3.7 -3 -0.0181396 -0.250106
3.8 -3 -0.0225274 -0.253333
3.9 -3 -0.0269153 -0.25656
4 -3 -0.0313031 -0.259787
4.1 -3 -0.035691 -0.263014
4.2 -3 -0.0400789 -0.261991
4.3 -3 -0.0444667 -0.253991
4.4 -3 -0.0488546 -0.245991
4.5 -3 -0.0532424 -0.23799
4.6 -3 -0.0576303 -0.22999
4.7 -3 -0.0620181 -0.22199
4.8 -3 -0.066406 -0.21399
4.9 -3 -0.0707938 -0.205989
5 -3 -0.0751817 -0.197989
5.1 -3 -0.0795696 -0.189989
5.2 -3 -0.0839574 -0.181989
5.3 -3 -0.0883453 -0.173989
5.4 -3 -0.0927331 -0.165988
5.5 -3 -0.097121 -0.157988
5.6 -3 -0.101509 -0.149988
5.7 -3 -0.105897 -0.141988
5.8 -3 -0.110285 -0.133988
5.9 -3 -0.114672 -0.125987
6 -3 0 0
6.1 -3 0 0
6.2 -3 0 0
6.3 -3 0 0
6.4 -3 0 0
6.5 -3 0 0
6.6 -3 0 0
6.7 -3 0 0
6.8 -3 0 0
6.9 -3 0 0
7 -3 0 0
7.1 -3 0 0
7.2 -3 0 0
7.3 -3 0 0
7.4 -3 0 0
7.5 -3 0 0
7.6 -3 0 0
7.7 -3 0 0
7.8 -3 0 0
7.9 -3 0 0
8 -3 0 0
8.1 -3 0 0
8.2 -3 0 0
8.3 -3 0 0
8.4 -3 0 0
8.5 -3 0 0
8.6 -3 0 0
8.7 -3 0 0
8.8 -3 0 0
8.9 -3 0 0
9 -3 0 0
9.1 -3 0 0
9.2 -3 0 0
9.3 -3 0 0
9.4 -3 0 0
9.5 -3 0 0
9.6 -3 0 0
9.7 -3 0 0
9.8 -3 0 0
9.9 -3 0 0
10 -3 0 0
10.1 -3 0 0
10.2 -3 0 0
10.3 -3 0 0
10.4 -3 0 0
10.5 -3 0 0
10.6 -3 0 0
10.7 -3 0 0
10.8 -3 0 0
10.9 -3 0 0
11 -3 0 0
11.1 -3 0 0
11.2 -3 0 0
11.3 -3 0 0
11.4 -3 0 0
11.5 -3 0 0
11.6 -3 0 0
11.7 -3 0 0
11.8 -3 0 0
11.9 -3 0 0
12 -3 0 0
12.1 -3 0 0
12.2 -3 0 0
12.3 -3 0 0
12.4 -3 0 0
12.5 -3 0 0
12.6 -3 0 0
12.7 -3 0 0
12.8 -3 0 0
12.9 -3 0 0
13 -3 0 0
13.1 -3 0 0
13.2 -3 0 0
13.3 -3 0 0
13.4 -3 0 0
13.5 -3 0 0
13.6 -3 0 0
13.7 -3 0 0
13.8 -3 0 0
13.9 -3 0 0
14 -3 0 0
14.1 -3 0 0
14.2 -3 0 0
14.3 -3 0 0
14.4 -3 0 0
14.5 -3 0 0
14.6 -3 0 0
14.7 -3 0 0
14.8 -3 0 0
14.9 -3 0 0
15 -3 0 0
15.1 -3 0 0
15.2 -3 0 0
15.3 -3 0 0
15.4 -3 0 0
15.5 -3 0 0
15.6 -3 0 0
15.7 -3 0 0
15.8 -3 0 0
15.9 -3 0 0
16 -3 0 0
16.1 -3 0 0
16.2 -3 0 0
16.3 -3 0 0
16.4 -3 0 0
16.5 -3 0 0
16.6 -3 0 0
16.7 -3 0 0
16.8 -3 0 0
16.9 -3 0 0
17 -3 0 0
17.1 -3 0 0
17.2 -3 0 0
17.3 -3 0 0
17.4 -3 0 0
17.5 -3 0 0
17.6 -3 0 0
17.7 -3 0 0
17.8 -3 0 0
17.9 -3 0 0
18 -3 0 0
18.1 -3 0 0
18.2 -3 0 0
18.3 -3 0 0
18.4 -3 0 0
18.5 -3 0 0
18.6 -3 0 0
18.7 -3 0 0
18.8 -3 0 0
18.9 -3 0 0
19 -3 0 0
19.1 -3 0 0
19.2 -3 0 0
19.3 -3 0 0
19.4 -3 0 0
19.5 -3 0 0
19.6 -3 0 0
19.7 -3 0 0
19.8 -3 0 0
19.9 -3 0 0
-20 -2 0 0
-19.9 -2 0 0
-19.8 -2 0 0
-19.7 -2 0 0
-19.6 -2 0 0
-19.5 -2 0 0
-19.4 -2 0 0
-19.3 -2 0 0
-19.2 -2 0 0
-19.1 -2 0 0
-19 -2 0 0
-18.9 -2 0 0
-18.8 -2 0 0
-18.7 -2 0 0
-18.6 -2 0 0
-18.5 -2 0 0
-18.4 -2 0 0
-18.3 -2 0 0
-18.2 -2 0 0
-18.1 -2 0 0
-18 -2 0 0
-17.9 -2 0 0
-17.8 -2 0 0
-17.7 -2 0 0
-17.6 -2 0 0
-17.5 -2 0 0
-17.4 -2 0 0
-17.3 -2 0 0
-17.2 -2 0 0
-17.1 -2 0 0
-17 -2 0 0
-16.9 -2 0 0
-16.8 -2 0 0
-16.7 -2 0 0
-16.6 -2 0 0
-16.5 -2 0 0
-16.4 -2 0 0
-16.3 -2 0 0
-16.2 -2 0 0
-16.1 -2 0 0
-16 -2 0 0
-15.9 -2 0 0
-15.8 -2 0 0
-15.7 -2 0 0
-15.6 -2 0 0
-15.5 -2 0 0
-15.4 -2 0 0
-15.3 -2 0 0
-15.2 -2 0 0
-15.1 -2 0 0
-15 -2 0 0
-14.9 -2 0 0
-14.8 -2 0 0
-14.7 -2 0 0
-14.6 -2 0 0
-14.5 -2 0 0
-14.4 -2 0 0
-14.3 -2 0 0
-14.2 -2 0 0
-14.1 -2 0 0
-14 -2 0 0
-13.9 -2 0 0
-13.8 -2 0 0
-13.7 -2 0 0
-13.6 -2 0 0
-13.5 -2 0 0
-13.4 -2 0 0
-13.3 -2 0 0
-13.2 -2 0 0
-13.1 -2 0 0
-13 -2 0 0
-12.9 -2 0 0
-12.8 -2 0 0
-12.7 -2 0 0
-12.6 -2 0 0
-12.5 -2 0 0
-12.4 -2 0 0
-12.3 -2 0 0
-12.2 -2 0 0
-12.1 -2 0 0
-12 -2 0 0
-11.9 -2 0 0
-11.8 -2 0 0
-11.7 -2 0 0
-11.6 -2 0 0
-11.5 -2 0 0
-11.4 -2 0 0
-11.3 -2 0 0
-11.2 -2 0 0
-11.1 -2 0 0
-11 -2 0 0
-10.9 -2 0 0
-10.8 -2 0 0
-10.7 -2 0 0
-10.6 -2 0 0
-10.5 -2 0 0
-10.4 -2 0 0
-10.3 -2 0 0
-10.2 -2 0 0
-10.1 -2 0 0
-10 -2 0 0
-9.9 -2 0 0
-9.8 -2 0 0
-9.7 -2 0 0
-9.6 -2 0 0
-9.5 -2 0 0
-9.4 -2 0 0
-9.3 -2 0 0
-9.2 -2 0 0
-9.1 -2 0 0
-9 -2 0 0
-8.9 -2 0 0
-8.8 -2 0 0
-8.7 -2 0 0
-8.6 -2 0 0
-8.5 -2 0 0
-8.4 -2 0 0
-8.3 -2 0 0
-8.2 -2 0 0
-8.1 -2 0 0
-8 -2 0 0
-7.9 -2 0 0
-7.8 -2 0 0
-7.7 -2 0 0
-7.6 -2 0 0
-7.5 -2 0 0
-7.4 -2 0 0
-7.3 -2 0 0
-7.2 -2 0 0
-7.1 -2 0 0
-7 -2 0 0
-6.9 -2 0 0
-6.8 -2 0 0
-6.7 -2 0 0
-6.6 -2 0 0
-6.5 -2 0 0
-6.4 -2 0 0
-6.3 -2 0 0
-6.2 -2 0 0
-6.1 -2 0 0
-6 -2 0 0
-5.9 -2 0 0
-5.8 -2 0 0
-5.7 -2 0.141988 0.13336
-5.6 -2 0.149988 0.128973
-5.5 -2 0.157988 0.124585
-5.4 -2 0.165988 0.120197
-5.3 -2 0.173989 0.115809
-5.2 -2 0.181989 0.111421
-5.1 -2 0.189989 0.107033
-5 -2 0.197989 0.102645
-4.9 -2 0.205989 0.0982575
-4.8 -2 0.21399 0.0938697
-4.7 -2 0.22199 0.0894818
-4.6 -2 0.22999 0.085094
-4.5 -2 0.23799 0.0807061
-4.4 -2 0.414081 0.0763183
-4.3 -2 0.244578 0.0719304
-4.2 -2 0.241351 0.0675425
-4.1 -2 0.238124 0.0631547
-4 -2 0.234897 0.0587668
-3.9 -2 0.231669 0.054379
-3.8 -2 0.228442 0.0499911
-3.7 -2 0.225215 0.0456033
-3.6 -2 0.221988 0.0412154
-3.5 -2 0.218761 0.0368276
-3.4 -2 0.215534 0.0324397
-3.3 -2 0.212306 0.0280519
-3.2 -2 0.209079 0.023664
-3.1 -2 0.205852 0.0192761
-3 -2 0.202625 0.0148883
-2.9 -2 0.199398 0.0105004
-2.8 -2 0.19617 0.00611257
-2.7 -2 0.192943 0.00172472
-2.6 -2 0.189716 -0.00266314
-2.5 -2 0.186489 -0.00705099
-2.4 -2 0.183262 -0.0114388
-2.3 -2 0.180034 -0.0158267
-2.2 -2 0.176807 -0.0202146
-2.1 -2 0.17358 -0.0246024
-2 -2 0.170353 -0.0289903
-1.9 -2 0.167126 -0.0333781
-1.8 -2 0.163898 -0.037766
-1.7 -2 0.160671 -0.0421538
-1.6 -2 0.157444 -0.0465417
-1.5 -2 0.154217 -0.0509295
-1.4 -2 0.15099 -0.0553174
-1.3 -2 0.147763 -0.0597053
-1.2 -2 0.144535 -0.0640931
-1.1 -2 0.141308 -0.068481
-1 -2 0.138081 -0.0728688
-0.9 -2 0.134854 -0.0767643
-0.8 -2 0.131627 -0.0799915
-0.7 -2 0.128399 -0.0832187
-0.6 -2 0.125172 -0.0864459
-0.5 -2 0.121945 -0.0896731
-0.4 -2 0.118718 -0.0929003
-0.3 -2 0.115491 -0.0961275
-0.2 -2 0.112263 -0.0993547
-0.1 -2 0.109036 -0.102582
1.52933e-14 -2 0.105809 -0.105809
0.1 -2 0.102582 -0.109036
0.2 -2 0.0993547 -0.112263
0.3 -2 0.0961275 -0.115491
0.4 -2 0.0929003 -0.118718
0.5 -2 0.0896731 -0.121945
0.6 -2 0.0864459 -0.125172
0.7 -2 0.0832187 -0.128399
0.8 -2 0.0799915 -0.131627
0.9 -2 0.0767643 -0.134854
1 -2 0.0728688 -0.138081
1.1 -2 0.068481 -0.141308
1.2 -2 0.0640931 -0.144535
1.3 -2 0.0597053 -0.147763
1.4 -2 0.0553174 -0.15099
1.5 -2 0.0509295 -0.154217
1.6 -2 0.0465417 -0.157444
1.7 -2 0.0421538 -0.160671
1.8 -2 0.037766 -0.163898
1.9 -2 0.0333781 -0.167126
2 -2 0.0289903 -0.170353
2.1 -2 0.0246024 -0.17358
2.2 -2 0.0202146 -0.176807
2.3 -2 0.0158267 -0.180034
2.4 -2 0.0114388 -0.183262
2.5 -2 0.00705099 -0.186489
2.6 -2 0.00266314 -0.189716
2.7 -2 -0.00172472 -0.192943
2.8 -2 -0.00611257 -0.19617
2.9 -2 -0.0105004 -0.199398
3 -2 -0.0148883 -0.202625
3.1 -2 -0.0192761 -0.205852
3.2 -2 -0.023664 -0.209079
3.3 -2 -0.0280519 -0.212306
3.4 -2 -0.0324397 -0.215534
3.5 -2 -0.0368276 -0.218761
3.6 -2 -0.0412154 -0.221988
3.7 -2 -0.0456033 -0.225215
3.8 -2 -0.0499911 -0.228442
3.9 -2 -0.054379 -0.231669
4 -2 -0.0587668 -0.234897
4.1 -2 -0.0631547 -0.238124
4.2 -2 -0.0675425 -0.241351
4.3 -2 -0.0719304 -0.244578
4.4 -2 -0.242594 -0.412267
4.5 -2 -0.0807061 -0.23799
4.6 -2 -0.085094 -0.22999
4.7 -2 -0.0894818 -0.22199
4.8 -2 -0.0938697 -0.21399
4.9 -2 -0.0982575 -0.205989
5 -2 -0.102645 -0.197989
5.1 -2 -0.107033 -0.189989
5.2 -2 -0.111421 -0.181989
5.3 -2 -0.115809 -0.173989
5.4 -2 -0.120197 -0.165988
5.5 -2 -0.124585 -0.157988
5.6 -2 -0.128973 -0.149988
5.7 -2 -0.13336 -0.141988
5.8 -2 0 0
5.9 -2 0 0
6 -2 0 0
6.1 -2 0 0
6.2 -2 0 0
6.3 -2 0 0
6.4 -2 0 0
6.5 -2 0 0
6.6 -2 0 0
6.7 -2 0 0
6.8 -2 0 0
6.9 -2 0 0
7 -2 0 0
7.1 -2 0 0
7.2 -2 0 0
7.3 -2 0 0
7.4 -2 0 0
7.5 -2 0 0
7.6 -2 0 0
7.7 -2 0 0
7.8 -2 0 0
7.9 -2 0 0
8 -2 0 0
8.1 -2 0 0
8.2 -2 0 0
8.3 -2 0 0
8.4 -2 0 0
8.5 -2 0 0
8.6 -2 0 0
8.7 -2 0 0
8.8 -2 0 0
8.9 -2 0 0
9 -2 0 0
9.1 -2 0 0
9.2 -2 0 0
9.3 -2 0 0
9.4 -2 0 0
9.5 -2 0 0
9.6 -2 0 0
9.7 -2 0 0
9.8 -2 0 0
9.9 -2 0 0
10 -2 0 0
10.1 -2 0 0
10.2 -2 0 0
10.3 -2 0 0
10.4 -2 0 0
10.5 -2 0 0
10.6 -2 0 0
10.7 -2 0 0
10.8 -2 0 0
10.9 -2 0 0
11 -2 0 0
11.1 -2 0 0
11.2 -2 0 0
11.3 -2 0 0
11.4 -2 0 0
11.5 -2 0 0
11.6 -2 0 0
11.7 -2 0 0
11.8 -2 0 0
11.9 -2 0 0
12 -2 0 0
12.1 -2 0 0
12.2 -2 0 0
12.3 -2 0 0
12.4 -2 0 0
12.5 -2 0 0
12.6 -2 0 0
12.7 -2 0 0
12.8 -2 0 0
12.9 -2 0 0
13 -2 0 0
13.1 -2 0 0
13.2 -2 0 0
13.3 -2 0 0
13.4 -2 0 0
13.5 -2 0 0
13.6 -2 0 0
13.7 -2 0 0
13.8 -2 0 0
13.9 -2 0 0
14 -2 0 0
14.1 -2 0 0
14.2 -2 0 0
14.3 -2 0 0
14.4 -2 0 0
14.5 -2 0 0
14.6 -2 0 0
14.7 -2 0 0
14.8 -2 0 0
14.9 -2 0 0
15 -2 0 0
15.1 -2 0 0
15.2 -2 0 0
15.3 -2 0 0
15.4 -2 0 0
15.5 -2 0 0
15.6 -2 0 0
15.7 -2 0 0
15.8 -2 0 0
15.9 -2 0 0
16 -2 0 0
16.1 -2 0 0
16.2 -2 0 0
16.3 -2 0 0
16.4 -2 0 0
16.5 -2 0 0
16.6 -2 0 0
16.7 -2 0 0
16.8 -2 0 0
16.9 -2 0 0
17 -2 0 0
17.1 -2 0 0
17.2 -2 0 0
17.3 -2 0 0
17.4 -2 0 0
17.5 -2 0 0
17.6 -2 0 0
17.7 -2 0 0
17.8 -2 0 0
17.9 -2 0 0
18 -2 0 0
18.1 -2 0 0
18.2 -2 0 0
18.3 -2 0 0
18.4 -2 0 0
18.5 -2 0 0
18.6 -2 0 0
18.7 -2 0 0
18.8 -2 0 0
18.9 -2 0 0
19 -2 0 0
19.1 -2 0 0
19.2 -2 0 0
19.3 -2 0 0
19.4 -2 0 0
19.5 -2 0 0
19.6 -2 0 0
19.7 -2 0 0
19.8 -2 0 0
19.9 -2 0 0
-20 -1 0 0
-19.9 -1 0 0
-19.8 -1 0 0
-19.7 -1 0 0
-19.6 -1 0 0
-19.5 -1 0 0
-19.4 -1 0 0
-19.3 -1 0 0
-19.2 -1 0 0
-19.1 -1 0 0
-19 -1 0 0
-18.9 -1 0 0
-18.8 -1 0 0
-18.7 -1 0 0
-18.6 -1 0 0
-18.5 -1 0 0
-18.4 -1 0 0
-18.3 -1 0 0
-18.2 -1 0 0
-18.1 -1 0 0
-18 -1 0 0
-17.9 -1 0 0
-17.8 -1 0 0
-17.7 -1 0 0
-17.6 -1 0 0
-17.5 -1 0 0
-17.4 -1 0 0
-17.3 -1 0 0
-17.2 -1 0 0
-17.1 -1 0 0
-17 -1 0 0
-16.9 -1 0 0
-16.8 -1 0 0
-16.7 -1 0 0
-16.6 -1 0 0
-16.5 -1 0 0
-16.4 -1 0 0
-16.3 -1 0 0
-16.2 -1 0 0
-16.1 -1 0 0
-16 -1 0 0
-15.9 -1 0 0
-15.8 -1 0 0
-15.7 -1 0 0
-15.6 -1 0 0
-15.5 -1 0 0
-15.4 -1 0 0
-15.3 -1 0 0
-15.2 -1 0 0
-15.1 -1 0 0
-15 -1 0 0
-14.9 -1 0 0
-14.8 -1 0 0
-14.7 -1 0 0
-14.6 -1 0 0
-14.5 -1 0 0
-14.4 -1 0 0
-14.3 -1 0 0
-14.2 -1 0 0
-14.1 -1 0 0
-14 -1 0 0
-13.9 -1 0 0
-13.8 -1 0 0
-13.7 -1 0 0
-13.6 -1 0 0
-13.5 -1 0 0
-13.4 -1 0 0
-13.3 -1 0 0
-13.2 -1 0 0
-13.1 -1 0 0
-13 -1 0 0
-12.9 -1 0 0
-12.8 -1 0 0
-12.7 -1 0 0
-12.6 -1 0 0
-12.5 -1 0 0
-12.4 -1 0 0
-12.3 -1 0 0
-12.2 -1 0 0
-12.1 -1 0 0
-12 -1 0 0
-11.9 -1 0 0
-11.8 -1 0 0
-11.7 -1 0 0
-11.6 -1 0 0
-11.5 -1 0 0
-11.4 -1 0 0
-11.3 -1 0 0
-11.2 -1 0 0
-11.1 -1 0 0
-11 -1 0 0
-10.9 -1 0 0
-10.8 -1 0 0
-10.7 -1 0 0
-10.6 -1 0 0
-10.5 -1 0 0
-10.4 -1 0 0
-10.3 -1 0 0
-10.2 -1 0 0
-10.1 -1 0 0
-10 -1 0 0
-9.9 -1 0 0
-9.8 -1 0 0
-9.7 -1 0 0
-9.6 -1 0 0
-9.5 -1 0 0
-9.4 -1 0 0
-9.3 -1 0 0
-9.2 -1 0 0
-9.1 -1 0 0
-9 -1 0 0
-8.9 -1 0 0
-8.8 -1 0 0
-8.7 -1 0 0
-8.6 -1 0 0
-8.5 -1 0 0
-8.4 -1 0 0
-8.3 -1 0 0
-8.2 -1 0 0
-8.1 -1 0 0
-8 -1 0 0
-7.9 -1 0 0
-7.8 -1 0 0
-7.7 -1 0 0
-7.6 -1 0 0
-7.5 -1 0 0
-7.4 -1 0 0
-7.3 -1 0 0
-7.2 -1 0 0
-7.1 -1 0 0
-7 -1 0 0
-6.9 -1 0 0
-6.8 -1 0 0
-6.7 -1 0 0
-6.6 -1 0 0
-6.5 -1 0 0
-6.4 -1 0 0
-6.3 -1 0 0
-6.2 -1 0 0
-6.1 -1 0 0
-6 -1 0 0
-5.9 -1 0 0
-5.8 -1 0 0
-5.7 -1 0 0
-5.6 -1 0 0
-5.5 -1 0.157988 0.152048
-5.4 -1 0.165988 0.147661
-5.3 -1 0.173989 0.143273
-5.2 -1 0.181989 0.138885
-5.1 -1 0.189989 0.134497
-5 -1 0.197989 0.130109
-4.9 -1 0.205989 0.125721
-4.8 -1 0.21399 0.121333
-4.7 -1 0.22199 0.116946
-4.6 -1 0.403824 0.112558
-4.5 -1 0.226142 0.10817
-4.4 -1 0.222915 0.103782
-4.3 -1 0.219688 0.0993941
-4.2 -1 0.21646 0.0950062
-4.1 -1 0.213233 0.0906184
-4 -1 0.210006 0.0862305
-3.9 -1 0.206779 0.0818427
-3.8 -1 0.203552 0.0774548
-3.7 -1 0.200325 0.073067
-3.6 -1 0.197097 0.0686791
-3.5 -1 0.19387 0.0642913
-3.4 -1 0.190643 0.0599034
-3.3 -1 0.187416 0.0555155
-3.2 -1 0.184189 0.0511277
-3.1 -1 0.180961 0.0467398
-3 -1 0.177734 0.042352
-2.9 -1 0.174507 0.0379641
-2.8 -1 0.17128 0.0335763
-2.7 -1 0.168053 0.0291884
-2.6 -1 0.164825 0.0248006
-2.5 -1 0.161598 0.0204127
-2.4 -1 0.158371 0.0160248
-2.3 -1 0.155144 0.011637
-2.2 -1 0.151917 0.00724913
-2.1 -1 0.148689 0.00286128
-2 -1 0.145462 -0.00152658
-1.9 -1 0.142235 -0.00591443
-1.8 -1 0.139008 -0.0103023
-1.7 -1 0.135781 -0.0146901
-1.6 -1 0.132554 -0.019078
-1.5 -1 0.129326 -0.0234659
-1.4 -1 0.126099 -0.0278537
-1.3 -1 0.122872 -0.0322416
-1.2 -1 0.119645 -0.0366294
-1.1 -1 0.116418 -0.0410173
-1 -1 0.11319 -0.0454051
-0.9 -1 0.109963 -0.049793
-0.8 -1 0.106736 -0.0541808
-0.7 -1 0.103509 -0.0583282
-0.6 -1 0.100282 -0.0615554
-0.5 -1 0.0970544 -0.0647826
-0.4 -1 0.0938273 -0.0680097
-0.3 -1 0.0906001 -0.0712369
-0.2 -1 0.0873729 -0.0744641
-0.1 -1 0.0841457 -0.0776913
1.52933e-14 -1 0.0809185 -0.0809185
0.1 -1 0.0776913 -0.0841457
0.2 -1 0.0744641 -0.0873729
0.3 -1 0.0712369 -0.0906001
0.4 -1 0.0680097 -0.0938273
0.5 -1 0.0647826 -0.0970544
0.6 -1 0.0615554 -0.100282
0.7 -1 0.0583282 -0.103509
0.8 -1 0.0541808 -0.106736
0.9 -1 0.049793 -0.109963
1 -1 0.0454051 -0.11319
1.1 -1 0.0410173 -0.116418
1.2 -1 0.0366294 -0.119645
1.3 -1 0.0322416 -0.122872
1.4 -1 0.0278537 -0.126099
1.5 -1 0.0234659 -0.129326
1.6 -1 0.019078 -0.132554
1.7 -1 0.0146901 -0.135781
1.8 -1 0.0103023 -0.139008
1.9 -1 0.00591443 -0.142235
2 -1 0.00152658 -0.145462
2.1 -1 -0.00286128 -0.148689
2.2 -1 -0.00724913 -0.151917
2.3 -1 -0.011637 -0.155144
2.4 -1 -0.0160248 -0.158371
2.5 -1 -0.0204127 -0.161598
2.6 -1 -0.0248006 -0.164825
2.7 -1 -0.0291884 -0.168053
2.8 -1 -0.0335763 -0.17128
2.9 -1 -0.0379641 -0.174507
3 -1 -0.042352 -0.177734
3.1 -1 -0.0467398 -0.180961
3.2 -1 -0.0511277 -0.184189
3.3 -1 -0.0555155 -0.187416
3.4 -1 -0.0599034 -0.190643
3.5 -1 -0.0642913 -0.19387
3.6 -1 -0.0686791 -0.197097
3.7 -1 -0.073067 -0.200325
3.8 -1 -0.0774548 -0.203552
3.9 -1 -0.0818427 -0.206779
4 -1 -0.0862305 -0.210006
4.1 -1 -0.0906184 -0.213233
4.2 -1 -0.0950062 -0.21646
4.3 -1 -0.0993941 -0.219688
4.4 -1 -0.103782 -0.222915
4.5 -1 -0.10817 -0.226142
4.6 -1 -0.229369 -0.403824
4.7 -1 -0.116946 -0.22199
4.8 -1 -0.121333 -0.21399
4.9 -1 -0.125721 -0.205989
5 -1 -0.130109 -0.197989
5.1 -1 -0.134497 -0.189989
5.2 -1 -0.138885 -0.181989
5.3 -1 -0.143273 -0.173989
5.4 -1 -0.147661 -0.165988
5.5 -1 -0.152048 -0.157988
5.6 -1 0 0
5.7 -1 0 0
5.8 -1 0 0
5.9 -1 0 0
6 -1 0 0
6.1 -1 0 0
6.2 -1 0 0
6.3 -1 0 0
6.4 -1 0 0
6.5 -1 0 0
6.6 -1 0 0
6.7 -1 0 0
6.8 -1 0 0
6.9 -1 0 0
7 -1 0 0
7.1 -1 0 0
7.2 -1 0 0
7.3 -1 0 0
7.4 -1 0 0
7.5 -1 0 0
7.6 -1 0 0
7.7 -1 0 0
7.8 -1 0 0
7.9 -1 0 0
8 -1 0 0
8.1 -1 0 0
8.2 -1 0 0
8.3 -1 0 0
8.4 -1 0 0
8.5 -1 0 0
8.6 -1 0 0
8.7 -1 0 0
8.8 -1 0 0
8.9 -1 0 0
9 -1 0 0
9.1 -1 0 0
9.2 -1 0 0
9.3 -1 0 0
9.4 -1 0 0
9.5 -1 0 0
9.6 -1 0 0
9.7 -1 0 0
9.8 -1 0 0
9.9 -1 0 0
10 -1 0 0
10.1 -1 0 0
10.2 -1 0 0
10.3 -1 0 0
10.4 -1 0 0
10.5 -1 0 0
10.6 -1 0 0
10.7 -1 0 0
10.8 -1 0 0
10.9 -1 0 0
11 -1 0 0
11.1 -1 0 0
11.2 -1 0 0
11.3 -1 0 0
11.4 -1 0 0
11.5 -1 0 0
11.6 -1 0 0
11.7 -1 0 0
11.8 -1 0 0
11.9 -1 0 0
12 -1 0 0
12.1 -1 0 0
12.2 -1 0 0
12.3 -1 0 0
12.4 -1 0 0
12.5 -1 0 0
12.6 -1 0 0
12.7 -1 0 0
12.8 -1 0 0
12.9 -1 0 0
13 -1 0 0
13.1 -1 0 0
13.2 -1 0 0
13.3 -1 0 0
13.4 -1 0 0
13.5 -1 0 0
13.6 -1 0 0
13.7 -1 0 0
13.8 -1 0 0
13.9 -1 0 0
14 -1 0 0
14.1 -1 0 0
14.2 -1 0 0
14.3 -1 0 0
14.4 -1 0 0
14.5 -1 0 0
14.6 -1 0 0
14.7 -1 0 0
14.8 -1 0 0
14.9 -1 0 0
15 -1 0 0
15.1 -1 0 0
15.2 -1 0 0
15.3 -1 0 0
15.4 -1 0 0
15.5 -1 0 0
15.6 -1 0 0
15.7 -1 0 0
15.8 -1 0 0
15.9 -1 0 0
16 -1 0 0
16.1 -1 0 0
16.2 -1 0 0
16.3 -1 0 0
16.4 -1 0 0
16.5 -1 0 0
16.6 -1 0 0
16.7 -1 0 0
16.8 -1 0 0
16.9 -1 0 0
17 -1 0 0
17.1 -1 0 0
17.2 -1 0 0
17.3 -1 0 0
17.4 -1 0 0
17.5 -1 0 0
17.6 -1 0 0
17.7 -1 0 0
17.8 -1 0 0
17.9 -1 0 0
18 -1 0 0
18.1 -1 0 0
18.2 -1 0 0
18.3 -1 0 0
18.4 -1 0 0
18.5 -1 0 0
18.6 -1 0 0
18.7 -1 0 0
18.8 -1 0 0
18.9 -1 0 0
19 -1 0 0
19.1 -1 0 0
19.2 -1 0 0
19.3 -1 0 0
19.4 -1 0 0
19.5 -1 0 0
19.6 -1 0 0
19.7 -1 0 0
19.8 -1 0 0
19.9 -1 0 0
-20 0 0 0
-19.9 0 0 0
-19.8 0 0 0
-19.7 0 0 0
-19.6 0 0 0
-19.5 0 0 0
-19.4 0 0 0
-19.3 0 0 0
-19.2 0 0 0
-19.1 0 0 0
-19 0 0 0
-18.9 0 0 0
-18.8 0 0 0
-18.7 0 0 0
-18.6 0 0 0
-18.5 0 0 0
-18.4 0 0 0
-18.3 0 0 0
-18.2 0 0 0
-18.1 0 0 0
-18 0 0 0
-17.9 0 0 0
-17.8 0 0 0
-17.7 0 0 0
-17.6 0 0 0
-17.5 0 0 0
-17.4 0 0 0
-17.3 0 0 0
-17.2 0 0 0
-17.1 0 0 0
-17 0 0 0
-16.9 0 0 0
-16.8 0 0 0
-16.7 0 0 0
-16.6 0 0 0
-16.5 0 0 0
-16.4 0 0 0
-16.3 0 0 0
-16.2 0 0 0
-16.1 0 0 0
-16 0 0 0
-15.9 0 0 0
-15.8 0 0 0
-15.7 0 0 0
-15.6 0 0 0
-15.5 0 0 0
-15.4 0 0 0
-15.3 0 0 0
-15.2 0 0 0
-15.1 0 0 0
-15 0 0 0
-14.9 0 0 0
-14.8 0 0 0
-14.7 0 0 0
-14.6 0 0 0
-14.5 0 0 0
-14.4 0 0 0
-14.3 0 0 0
-14.2 0 0 0
-14.1 0 0 0
-14 0 0 0
-13.9 0 0 0
-13.8 0 0 0
-13.7 0 0 0
-13.6 0 0 0
-13.5 0 0 0
-13.4 0 0 0
-13.3 0 0 0
-13.2 0 0 0
-13.1 0 0 0
-13 0 0 0
-12.9 0 0 0
-12.8 0 0 0
-12.7 0 0 0
-12.6 0 0 0
-12.5 0 0 0
-12.4 0 0 0
-12.3 0 0 0
-12.2 0 0 0
-12.1 0 0 0
-12 0 0 0
-11.9 0 0 0
-11.8 0 0 0
-11.7 0 0 0
-11.6 0 0 0
-11.5 0 0 0
-11.4 0 0 0
-11.3 0 0 0
-11.2 0 0 0
-11.1 0 0 0
-11 0 0 0
-10.9 0 0 0
-10.8 0 0 0
-10.7 0 0 0
-10.6 0 0 0
-10.5 0 0 0
-10.4 0 0 0
-10.3 0 0 0
-10.2 0 0 0
-10.1 0 0 0
-10 0 0 0
-9.9 0 0 0
-9.8 0 0 0
-9.7 0 0 0
-9.6 0 0 0
-9.5 0 0 0
-9.4 0 0 0
-9.3 0 0 0
-9.2 0 0 0
-9.1 0 0 0
-9 0 0 0
-8.9 0 0 0
-8.8 0 0 0
-8.7 0 0 0
-8.6 0 0 0
-8.5 0 0 0
-8.4 0 0 0
-8.3 0 0 0
-8.2 0 0 0
-8.1 0 0 0
-8 0 0 0
-7.9 0 0 0
-7.8 0 0 0
-7.7 0 0 0
-7.6 0 0 0
-7.5 0 0 0
-7.4 0 0 0
-7.3 0 0 0
-7.2 0 0 0
-7.1 0 0 0
-7 0 0 0
-6.9 0 0 0
-6.8 0 0 0
-6.7 0 0 0
-6.6 0 0 0
-6.5 0 0 0
-6.4 0 0 0
-6.3 0 0 0
-6.2 0 0 0
-6.1 0 0 0
-6 0 0 0
-5.9 0 0 0
-5.8 0 0 0
-5.7 0 0 0
-5.6 0 0 0
-5.5 0 0 0
-5.4 0 0 0
-5.3 0 0.173989 0.170736
-5.2 0 0.181989 0.166348
-5.1 0 0.189989 0.161961
-5 0 0.197989 0.157573
-4.9 0 0.205989 0.153185
-4.8 0 0.210933 0.148797
-4.7 0 0.207706 0.144409
-4.6 0 0.204479 0.140021
-4.5 0 0.201251 0.135633
-4.4 0 0.198024 0.131246
-4.3 0 0.194797 0.126858
-4.2 0 0.19157 0.12247
-4.1 0 0.188343 0.118082
-4 0 0.185116 0.113694
-3.9 0 0.181888 0.109306
-3.8 0 0.178661 0.104919
-3.7 0 0.175434 0.100531
-3.6 0 0.172207 0.0961428
-3.5 0 0.16898 0.0917549
-3.4 0 0.165752 0.0873671
-3.3 0 0.162525 0.0829792
-3.2 0 0.159298 0.0785914
-3.1 0 0.156071 0.0742035
-3 0 0.152844 0.0698157
-2.9 0 0.149616 0.0654278
-2.8 0 0.146389 0.06104
-2.7 0 0.143162 0.0566521
-2.6 0 0.139935 0.0522642
-2.5 0 0.136708 0.0478764
-2.4 0 0.13348 0.0434885
-2.3 0 0.130253 0.0391007
-2.2 0 0.127026 0.0347128
-2.1 0 0.123799 0.030325
-2 0 0.120572 0.0259371
-1.9 0 0.117345 0.0215493
-1.8 0 0.114117 0.0171614
-1.7 0 0.11089 0.0127735
-1.6 0 0.107663 0.00838569
-1.5 0 0.104436 0.00399783
-1.4 0 0.101209 -0.000390021
-1.3 0 0.0979814 -0.00477788
-1.2 0 0.0947542 -0.00916573
-1.1 0 0.091527 -0.0135536
-1 0 0.0882998 -0.0179414
-0.9 0 0.0850727 -0.0223293
-0.8 0 0.0818455 -0.0267172
-0.7 0 0.0786183 -0.031105
-0.6 0 0.0753911 -0.0354929
-0.5 0 0.0910589 -0.039892
-0.4 0 0.0689367 -0.0431192
-0.3 0 0.0657095 -0.0463464
-0.2 0 0.0624823 -0.0495736
-0.1 0 0.0592551 -0.0528008
1.52933e-14 0 0.0560279 -0.0560279
0.1 0 0.0528008 -0.0592551
0.2 0 0.0495736 -0.0624823
0.3 0 0.0463464 -0.0657095
0.4 0 0.0431192 -0.0689367
0.5 0 0.020997 -0.0721639
0.6 0 0.0354929 -0.0753911
0.7 0 0.031105 -0.0786183
0.8 0 0.0267172 -0.0818455
0.9 0 0.0223293 -0.0850727
1 0 0.0179414 -0.0882998
1.1 0 0.0135536 -0.091527
1.2 0 0.00916573 -0.0947542
1.3 0 0.00477788 -0.0979814
1.4 0 0.000390021 -0.101209
1.5 0 -0.00399783 -0.104436
1.6 0 -0.00838569 -0.107663
1.7 0 -0.0127735 -0.11089
1.8 0 -0.0171614 -0.114117
1.9 0 -0.0215493 -0.117345
2 0 -0.0259371 -0.120572
2.1 0 -0.030325 -0.123799
2.2 0 -0.0347128 -0.127026
2.3 0 -0.0391007 -0.130253
2.4 0 -0.0434885 -0.13348
2.5 0 -0.0478764 -0.136708
2.6 0 -0.0522642 -0.139935
2.7 0 -0.0566521 -0.143162
2.8 0 -0.06104 -0.146389
2.9 0 -0.0654278 -0.149616
3 0 -0.0698157 -0.152844
3.1 0 -0.0742035 -0.156071
3.2 0 -0.0785914 -0.159298
3.3 0 -0.0829792 -0.162525
3.4 0 -0.0873671 -0.165752
3.5 0 -0.0917549 -0.16898
3.6 0 -0.0961428 -0.172207
3.7 0 -0.100531 -0.175434
3.8 0 -0.104919 -0.178661
3.9 0 -0.109306 -0.181888
4 0 -0.113694 -0.185116
4.1 0 -0.118082 -0.188343
4.2 0 -0.12247 -0.19157
4.3 0 -0.126858 -0.194797
4.4 0 -0.131246 -0.198024
4.5 0 -0.135633 -0.201251
4.6 0 -0.140021 -0.204479
4.7 0 -0.144409 -0.207706
4.8 0 -0.148797 -0.210933
4.9 0 -0.153185 -0.205989
5 0 -0.157573 -0.197989
5.1 0 -0.161961 -0.189989
5.2 0 -0.166348 -0.181989
5.3 0 -0.170736 -0.173989
5.4 0 0 0
5.5 0 0 0
5.6 0 0 0
5.7 0 0 0
5.8 0 0 0
5.9 0 0 0
6 0 0 0
6.1 0 0 0
6.2 0 0 0
6.3 0 0 0
6.4 0 0 0
6.5 0 0 0
6.6 0 0 0
6.7 0 0 0
6.8 0 0 0
6.9 0 0 0
7 0 0 0
7.1 0 0 0
7.2 0 0 0
7.3 0 0 0
7.4 0 0 0
7.5 0 0 0
7.6 0 0 0
7.7 0 0 0
7.8 0 0 0
7.9 0 0 0
8 0 0 0
8.1 0 0 0
8.2 0 0 0
8.3 0 0 0
8.4 0 0 0
8.5 0 0 0
8.6 0 0 0
8.7 0 0 0
8.8 0 0 0
8.9 0 0 0
9 0 0 0
9.1 0 0 0
9.2 0 0 0
9.3 0 0 0
9.4 0 0 0
9.5 0 0 0
9.6 0 0 0
9.7 0 0 0
9.8 0 0 0
9.9 0 0 0
10 0 0 0
10.1 0 0 0
10.2 0 0 0
10.3 0 0 0
10.4 0 0 0
10.5 0 0 0
10.6 0 0 0
10.7 0 0 0
10.8 0 0 0
10.9 0 0 0
11 0 0 0
11.1 0 0 0
11.2 0 0 0
11.3 0 0 0
11.4 0 0 0
11.5 0 0 0
11.6 0 0 0
11.7 0 0 0
11.8 0 0 0
11.9 0 0 0
12 0 0 0
12.1 0 0 0
12.2 0 0 0
12.3 0 0 0
12.4 0 0 0
12.5 0 0 0
12.6 0 0 0
12.7 0 0 0
12.8 0 0 0
12.9 0 0 0
13 0 0 0
13.1 0 0 0
13.2 0 0 0
13.3 0 0 0
13.4 0 0 0
13.5 0 0 0
13.6 0 0 0
13.7 0 0 0
13.8 0 0 0
13.9 0 0 0
14 0 0 0
14.1 0 0 0
14.2 0 0 0
14.3 0 0 0
14.4 0 0 0
14.5 0 0 0
14.6 0 0 0
14.7 0 0 0
14.8 0 0 0
14.9 0 0 0
15 0 0 0
15.1 0 0 0
15.2 0 0 0
15.3 0 0 0
15.4 0 0 0
15.5 0 0 0
15.6 0 0 0
15.7 0 0 0
15.8 0 0 0
15.9 0 0 0
16 0 0 0
16.1 0 0 0
16.2 0 0 0
16.3 0 0 0
16.4 0 0 0
16.5 0 0 0
16.6 0 0 0
16.7 0 0 0
16.8 0 0 0
16.9 0 0 0
17 0 0 0
17.1 0 0 0
17.2 0 0 0
17.3 0 0 0
17.4 0 0 0
17.5 0 0 0
17.6 0 0 0
17.7 0 0 0
17.8 0 0 0
17.9 0 0 0
18 0 0 0
18.1 0 0 0
18.2 0 0 0
18.3 0 0 0
18.4 0 0 0
18.5 0 0 0
18.6 0 0 0
18.7 0 0 0
18.8 0 0 0
18.9 0 0 0
19 0 0 0
19.1 0 0 0
19.2 0 0 0
19.3 0 0 0
19.4 0 0 0
19.5 0 0 0
19.6 0 0 0
19.7 0 0 0
19.8 0 0 0
19.9 0 0 0
-20 1 0 0
-19.9 1 0 0
-19.8 1 0 0
-19.7 1 0 0
-19.6 1 0 0
-19.5 1 0 0
-19.4 1 0 0
-19.3 1 0 0
-19.2 1 0 0
-19.1 1 0 0
-19 1 0 0
-18.9 1 0 0
-18.8 1 0 0
-18.7 1 0 0
-18.6 1 0 0
-18.5 1 0 0
-18.4 1 0 0
-18.3 1 0 0
-18.2 1 0 0
-18.1 1 0 0
-18 1 0 0
-17.9 1 0 0
-17.8 1 0 0
-17.7 1 0 0
-17.6 1 0 0
-17.5 1 0 0
-17.4 1 0 0
-17.3 1 0 0
-17.2 1 0 0
-17.1 1 0 0
-17 1 0 0
-16.9 1 0 0
-16.8 1 0 0
-16.7 1 0 0
-16.6 1 0 0
-16.5 1 0 0
-16.4 1 0 0
-16.3 1 0 0
-16.2 1 0 0
-16.1 1 0 0
-16 1 0 0
-15.9 1 0 0
-15.8 1 0 0
-15.7 1 0 0
-15.6 1 0 0
-15.5 1 0 0
-15.4 1 0 0
-15.3 1 0 0
-15.2 1 0 0
-15.1 1 0 0
-15 1 0 0
-14.9 1 0 0
-14.8 1 0 0
-14.7 1 0 0
-14.6 1 0 0
-14.5 1 0 0
-14.4 1 0 0
-14.3 1 0 0
-14.2 1 0 0
-14.1 1 0 0
-14 1 0 0
-13.9 1 0 0
-13.8 1 0 0
-13.7 1 0 0
-13.6 1 0 0
-13.5 1 0 0
-13.4 1 0 0
-13.3 1 0 0
-13.2 1 0 0
-13.1 1 0 0
-13 1 0 0
-12.9 1 0 0
-12.8 1 0 0
-12.7 1 0 0
-12.6 1 0 0
-12.5 1 0 0
-12.4 1 0 0
-12.3 1 0 0
-12.2 1 0 0
-12.1 1 0 0
-12 1 0 0
-11.9 1 0 0
-11.8 1 0 0
-11.7 1 0 0
-11.6 1 0 0
-11.5 1 0 0
-11.4 1 0 0
-11.3 1 0 0
-11.2 1 0 0
-11.1 1 0 0
-11 1 0 0
-10.9 1 0 0
-10.8 1 0 0
-10.7 1 0 0
-10.6 1 0 0
-10.5 1 0 0
-10.4 1 0 0
-10.3 1 0 0
-10.2 1 0 0
-10.1 1 0 0
-10 1 0 0
-9.9 1 0 0
-9.8 1 0 0
-9.7 1 0 0
-9.6 1 0 0
-9.5 1 0 0
-9.4 1 0 0
-9.3 1 0 0
-9.2 1 0 0
-9.1 1 0 0
-9 1 0 0
-8.9 1 0 0
-8.8 1 0 0
-8.7 1 0 0
-8.6 1 0 0
-8.5 1 0 0
-8.4 1 0 0
-8.3 1 0 0
-8.2 1 0 0
-8.1 1 0 0
-8 1 0 0
-7.9 1 0 0
-7.8 1 0 0
-7.7 1 0 0
-7.6 1 0 0
-7.5 1 0 0
-7.4 1 0 0
-7.3 1 0 0
-7.2 1 0 0
-7.1 1 0 0
-7 1 0 0
-6.9 1 0 0
-6.8 1 0 0
-6.7 1 0 0
-6.6 1 0 0
-6.5 1 0 0
-6.4 1 0 0
-6.3 1 0 0
-6.2 1 0 0
-6.1 1 0 0
-6 1 0 0
-5.9 1 0 0
-5.8 1 0 0
-5.7 1 0 0
-5.6 1 0 0
-5.5 1 0 0
-5.4 1 0 0
-5.3 1 0 0
-5.2 1 0 0
-5.1 1 0.189989 0.189424
-5 1 0.192497 0.185036
-4.9 1 0.18927 0.180649
-4.8 1 0.186042 0.176261
-4.7 1 0.182815 0.171873
-4.6 1 0.179588 0.167485
-4.5 1 0.176361 0.163097
-4.4 1 0.173134 0.158709
-4.3 1 0.169907 0.154321
-4.2 1 0.166679 0.149934
-4.1 1 0.163452 0.145546
-4 1 0.160225 0.141158
-3.9 1 0.156998 0.13677
-3.8 1 0.153771 0.132382
-3.7 1 0.150543 0.127994
-3.6 1 0.147316 0.123606
-3.5 1 0.144089 0.119219
-3.4 1 0.140862 0.114831
-3.3 1 0.137635 0.110443
-3.2 1 0.134407 0.106055
-3.1 1 0.13118 0.101667
-3 1 0.127953 0.0972794
-2.9 1 0.124726 0.0928915
-2.8 1 0.121499 0.0885036
-2.7 1 0.118272 0.0841158
-2.6 1 0.115044 0.0797279
-2.5 1 0.111817 0.0753401
-2.4 1 0.10859 0.0709522
-2.3 1 0.105363 0.0665644
-2.2 1 0.102136 0.0621765
-2.1 1 0.0989084 0.0577887
-2 1 0.0956812 0.0534008
-1.9 1 0.092454 0.0490129
-1.8 1 0.0892268 0.0446251
-1.7 1 0.0859996 0.0402372
-1.6 1 0.0827724 0.0358494
-1.5 1 0.0795452 0.0314615
-1.4 1 0.076318 0.0270737
-1.3 1 0.0730909 0.0226858
-1.2 1 0.0698637 0.018298
-1.1 1 0.0666365 0.0139101
-1 1 0.0634093 0.00952225
-0.9 1 0.0601821 0.00513439
-0.8 1 0.0569549 0.000746537
-0.7 1 0.0537277 -0.00364132
-0.6 1 0.0505005 -0.00802917
-0.5 1 0.0472733 -0.012417
-0.4 1 0.0440461 -0.0168049
-0.3 1 0.040819 -0.0211927
-0.2 1 0.0375918 -0.024683
-0.1 1 0.0343646 -0.0279102
1.52933e-14 1 0.0311374 -0.0311374
0.1 1 0.0279102 -0.0343646
0.2 1 0.024683 -0.0375918
0.3 1 0.0211927 -0.040819
0.4 1 0.0168049 -0.0440461
0.5 1 0.012417 -0.0472733
0.6 1 0.00802917 -0.0505005
0.7 1 0.00364132 -0.0537277
0.8 1 -0.000746537 -0.0569549
0.9 1 -0.00513439 -0.0601821
1 1 -0.00952225 -0.0634093
1.1 1 -0.0139101 -0.0666365
1.2 1 -0.018298 -0.0698637
1.3 1 -0.0226858 -0.0730909
1.4 1 -0.0270737 -0.076318
1.5 1 -0.0314615 -0.0795452
1.6 1 -0.0358494 -0.0827724
1.7 1 -0.0402372 -0.0859996
1.8 1 -0.0446251 -0.0892268
1.9 1 -0.0490129 -0.092454
2 1 -0.0534008 -0.0956812
2.1 1 -0.0577887 -0.0989084
2.2 1 -0.0621765 -0.102136
2.3 1 -0.0665644 -0.105363
2.4 1 -0.0709522 -0.10859
2.5 1 -0.0753401 -0.111817
2.6 1 -0.0797279 -0.115044
2.7 1 -0.0841158 -0.118272
2.8 1 -0.0885036 -0.121499
2.9 1 -0.0928915 -0.124726
3 1 -0.0972794 -0.127953
3.1 1 -0.101667 -0.13118
3.2 1 -0.106055 -0.134407
3.3 1 -0.110443 -0.137635
3.4 1 -0.114831 -0.140862
3.5 1 -0.119219 -0.144089
3.6 1 -0.123606 -0.147316
3.7 1 -0.127994 -0.150543
3.8 1 -0.132382 -0.153771
3.9 1 -0.13677 -0.156998
4 1 -0.141158 -0.160225
4.1 1 -0.145546 -0.163452
4.2 1 -0.149934 -0.166679
4.3 1 -0.154321 -0.169907
4.4 1 -0.158709 -0.173134
4.5 1 -0.163097 -0.176361
4.6 1 -0.167485 -0.179588
4.7 1 -0.171873 -0.182815
4.8 1 -0.176261 -0.186042
4.9 1 -0.180649 -0.18927
5 1 -0.185036 -0.192497
5.1 1 -0.189424 -0.189989
5.2 1 0 0
5.3 1 0 0
5.4 1 0 0
5.5 1 0 0
5.6 1 0 0
5.7 1 0 0
5.8 1 0 0
5.9 1 0 0
6 1 0 0
6.1 1 0 0
6.2 1 0 0
6.3 1 0 0
6.4 1 0 0
6.5 1 0 0
6.6 1 0 0
6.7 1 0 0
6.8 1 0 0
6.9 1 0 0
7 1 0 0
7.1 1 0 0
7.2 1 0 0
7.3 1 0 0
7.4 1 0 0
7.5 1 0 0
7.6 1 0 0
7.7 1 0 0
7.8 1 0 0
7.9 1 0 0
8 1 0 0
8.1 1 0 0
8.2 1 0 0
8.3 1 0 0
8.4 1 0 0
8.5 1 0 0
8.6 1 0 0
8.7 1 0 0
8.8 1 0 0
8.9 1 0 0
9 1 0 0
9.1 1 0 0
9.2 1 0 0
9.3 1 0 0
9.4 1 0 0
9.5 1 0 0
9.6 1 0 0
9.7 1 0 0
9.8 1 0 0
9.9 1 0 0
10 1 0 0
10.1 1 0 0
10.2 1 0 0
10.3 1 0 0
10.4 1 0 0
10.5 1 0 0
10.6 1 0 0
10.7 1 0 0
10.8 1 0 0
10.9 1 0 0
11 1 0 0
11.1 1 0 0
11.2 1 0 0
11.3 1 0 0
11.4 1 0 0
11.5 1 0 0
11.6 1 0 0
11.7 1 0 0
11.8 1 0 0
11.9 1 0 0
12 1 0 0
12.1 1 0 0
12.2 1 0 0
12.3 1 0 0
12.4 1 0 0
12.5 1 0 0
12.6 1 0 0
12.7 1 0 0
12.8 1 0 0
12.9 1 0 0
13 1 0 0
13.1 1 0 0
13.2 1 0 0
13.3 1 0 0
13.4 1 0 0
13.5 1 0 0
13.6 1 0 0
13.7 1 0 0
13.8 1 0 0
13.9 1 0 0
14 1 0 0
14.1 1 0 0
14.2 1 0 0
14.3 1 0 0
14.4 1 0 0
14.5 1 0 0
14.6 1 0 0
14.7 1 0 0
14.8 1 0 0
14.9 1 0 0
15 1 0 0
15.1 1 0 0
15.2 1 0 0
15.3 1 0 0
15.4 1 0 0
15.5 1 0 0
15.6 1 0 0
15.7 1 0 0
15.8 1 0 0
15.9 1 0 0
16 1 0 0
16.1 1 0 0
16.2 1 0 0
16.3 1 0 0
16.4 1 0 0
16.5 1 0 0
16.6 1 0 0
16.7 1 0 0
16.8 1 0 0
16.9 1 0 0
17 1 0 0
17.1 1 0 0
17.2 1 0 0
17.3 1 0 0
17.4 1 0 0
17.5 1 0 0
17.6 1 0 0
17.7 1 0 0
17.8 1 0 0
17.9 1 0 0
18 1 0 0
18.1 1 0 0
18.2 1 0 0
18.3 1 0 0
18.4 1 0 0
18.5 1 0 0
18.6 1 0 0
18.7 1 0 0
18.8 1 0 0
18.9 1 0 0
19 1 0 0
19.1 1 0 0
19.2 1 0 0
19.3 1 0 0
19.4 1 0 0
19.5 1 0 0
19.6 1 0 0
19.7 1 0 0
19.8 1 0 0
19.9 1 0 0
-20 2 0 0
-19.9 2 0 0
-19.8 2 0 0
-19.7 2 0 0
-19.6 2 0 0
-19.5 2 0 0
-19.4 2 0 0
-19.3 2 0 0
-19.2 2 0 0
-19.1 2 0 0
-19 2 0 0
-18.9 2 0 0
-18.8 2 0 0
-18.7 2 0 0
-18.6 2 0 0
-18.5 2 0 0
-18.4 2 0 0
-18.3 2 0 0
-18.2 2 0 0
-18.1 2 0 0
-18 2 0 0
-17.9 2 0 0
-17.8 2 0 0
-17.7 2 0 0
-17.6 2 0 0
-17.5 2 0 0
-17.4 2 0 0
-17.3 2 0 0
-17.2 2 0 0
-17.1 2 0 0
-17 2 0 0
-16.9 2 0 0
-16.8 2 0 0
-16.7 2 0 0
-16.6 2 0 0
-16.5 2 0 0
-16.4 2 0 0
-16.3 2 0 0
-16.2 2 0 0
-16.1 2 0 0
-16 2 0 0
-15.9 2 0 0
-15.8 2 0 0
-15.7 2 0 0
-15.6 2 0 0
-15.5 2 0 0
-15.4 2 0 0
-15.3 2 0 0
-15.2 2 0 0
-15.1 2 0 0
-15 2 0 0
-14.9 2 0 0
-14.8 2 0 0
-14.7 2 0 0
-14.6 2 0 0
-14.5 2 0 0
-14.4 2 0 0
-14.3 2 0 0
-14.2 2 0 0
-14.1 2 0 0
-14 2 0 0
-13.9 2 0 0
-13.8 2 0 0
-13.7 2 0 0
-13.6 2 0 0
-13.5 2 0 0
-13.4 2 0 0
-13.3 2 0 0
-13.2 2 0 0
-13.1 2 0 0
-13 2 0 0
-12.9 2 0 0
-12.8 2 0 0
-12.7 2 0 0
-12.6 2 0 0
-12.5 2 0 0
-12.4 2 0 0
-12.3 2 0 0
-12.2 2 0 0
-12.1 2 0 0
-12 2 0 0
-11.9 2 0 0
-11.8 2 0 0
-11.7 2 0 0
-11.6 2 0 0
-11.5 2 0 0
-11.4 2 0 0
-11.3 2 0 0
-11.2 2 0 0
-11.1 2 0 0
-11 2 0 0
-10.9 2 0 0
-10.8 2 0 0
-10.7 2 0 0
-10.6 2 0 0
-10.5 2 0 0
-10.4 2 0 0
-10.3 2 0 0
-10.2 2 0 0
-10.1 2 0 0
-10 2 0 0
-9.9 2 0 0
-9.8 2 0 0
-9.7 2 0 0
-9.6 2 0 0
-9.5 2 0 0
-9.4 2 0 0
-9.3 2 0 0
-9.2 2 0 0
-9.1 2 0 0
-9 2 0 0
-8.9 2 0 0
-8.8 2 0 0
-8.7 2 0 0
-8.6 2 0 0
-8.5 2 0 0
-8.4 2 0 0
-8.3 2 0 0
-8.2 2 0 0
-8.1 2 0 0
-8 2 0 0
-7.9 2 0 0
-7.8 2 0 0
-7.7 2 0 0
-7.6 2 0 0
-7.5 2 0 0
-7.4 2 0 0
-7.3 2 0 0
-7.2 2 0 0
-7.1 2 0 0
-7 2 0 0
-6.9 2 0 0
-6.8 2 0 0
-6.7 2 0 0
-6.6 2 0 0
-6.5 2 0 0
-6.4 2 0 0
-6.3 2 0 0
-6.2 2 0 0
-6.1 2 0 0
-6 2 0 0
-5.9 2 0 0
-5.8 2 0 0
-5.7 2 0 0
-5.6 2 0 0
-5.5 2 0 0
-5.4 2 0 0
-5.3 2 0 0
-5.2 2 0 0
-5.1 2 0 0
-5 2 0 0
-4.9 2 0 0
-4.8 2 0 0
-4.7 2 0 0
-4.6 2 0 0
-4.5 2 0 0
-4.4 2 0 0
-4.3 2 0 0
-4.2 2 0 0
-4.1 2 0 0
-4 2 0 0
-3.9 2 0 0
-3.8 2 0 0
-3.7 2 0 0
-3.6 2 0 0
-3.5 2 0 0
-3.4 2 0 0
-3.3 2 0 0
-3.2 2 0 0
-3.1 2 0 0
-3 2 0 0
-2.9 2 0 0
-2.8 2 0 0
-2.7 2 0 0
-2.6 2 0 0
-2.5 2 0 0
-2.4 2 0 0
-2.3 2 0 0
-2.2 2 0 0
-2.1 2 0 0
-2 2 0 0
-1.9 2 0 0
-1.8 2 0 0
-1.7 2 0 0
-1.6 2 0 0
-1.5 2 0 0
-1.4 2 0 0
-1.3 2 0 0
-1.2 2 0.0457616 0.0449731
-1.1 2 0.0417459 0.0413738
-1 2 0.0385187 0.0369859
-0.9 2 0.0352915 0.0325981
-0.8 2 0.0320643 0.0282102
-0.7 2 0.0288372 0.0238224
-0.6 2 0.02561 0.0194345
-0.5 2 0.0223828 0.0150467
-0.4 2 0.0191556 0.0106588
-0.3 2 0.0159284 0.00627095
-0.2 2 0.0127012 0.00188309
-0.1 2 0.00947402 -0.00250476
1.52933e-14 2 0.00624683 -0.00624683
0.1 2 0.00250476 -0.00947402
0.2 2 -0.00188309 -0.0127012
0.3 2 -0.00627095 -0.0159284
0.4 2 -0.0106588 -0.0191556
0.5 2 -0.0150467 -0.0223828
0.6 2 -0.0194345 -0.02561
0.7 2 -0.0238224 -0.0288372
0.8 2 -0.0282102 -0.0320643
0.9 2 -0.0325981 -0.0352915
1 2 -0.0369859 -0.0385187
1.1 2 -0.0413738 -0.0417459
1.2 2 -0.0449731 -0.0457616
1.3 2 0 0
1.4 2 0 0
1.5 2 0 0
1.6 2 0 0
1.7 2 0 0
1.8 2 0 0
1.9 2 0 0
2 2 0 0
2.1 2 0 0
2.2 2 0 0
2.3 2 0 0
2.4 2 0 0
2.5 2 0 0
2.6 2 0 0
2.7 2 0 0
2.8 2 0 0
2.9 2 0 0
3 2 0 0
3.1 2 0 0
3.2 2 0 0
3.3 2 0 0
3.4 2 0 0
3.5 2 0 0
3.6 2 0 0
3.7 2 0 0
3.8 2 0 0
3.9 2 0 0
4 2 0 0
4.1 2 0 0
4.2 2 0 0
4.3 2 0 0
4.4 2 0 0
4.5 2 0 0
4.6 2 0 0
4.7 2 0 0
4.8 2 0 0
4.9 2 0 0
5 2 0 0
5.1 2 0 0
5.2 2 0 0
5.3 2 0 0
5.4 2 0 0
5.5 2 0 0
5.6 2 0 0
5.7 2 0 0
5.8 2 0 0
5.9 2 0 0
6 2 0 0
6.1 2 0 0
6.2 2 0 0
6.3 2 0 0
6.4 2 0 0
6.5 2 0 0
6.6 2 0 0
6.7 2 0 0
6.8 2 0 0
6.9 2 0 0
7 2 0 0
7.1 2 0 0
7.2 2 0 0
7.3 2 0 0
7.4 2 0 0
7.5 2 0 0
7.6 2 0 0
7.7 2 0 0
7.8 2 0 0
7.9 2 0 0
8 2 0 0
8.1 2 0 0
8.2 2 0 0
8.3 2 0 0
8.4 2 0 0
8.5 2 0 0
8.6 2 0 0
8.7 2 0 0
8.8 2 0 0
8.9 2 0 0
9 2 0 0
9.1 2 0 0
9.2 2 0 0
9.3 2 0 0
9.4 2 0 0
9.5 2 0 0
9.6 2 0 0
9.7 2 0 0
9.8 2 0 0
9.9 2 0 0
10 2 0 0
10.1 2 0 0
10.2 2 0 0
10.3 2 0 0
10.4 2 0 0
10.5 2 0 0
10.6 2 0 0
10.7 2 0 0
10.8 2 0 0
10.9 2 0 0
11 2 0 0
11.1 2 0 0
11.2 2 0 0
11.3 2 0 0
11.4 2 0 0
11.5 2 0 0
11.6 2 0 0
11.7 2 0 0
11.8 2 0 0
11.9 2 0 0
12 2 0 0
12.1 2 0 0
12.2 2 0 0
12.3 2 0 0
12.4 2 0 0
12.5 2 0 0
12.6 2 0 0
12.7 2 0 0
12.8 2 0 0
12.9 2 0 0
13 2 0 0
13.1 2 0 0
13.2 2 0 0
13.3 2 0 0
13.4 2 0 0
13.5 2 0 0
13.6 2 0 0
13.7 2 0 0
13.8 2 0 0
13.9 2 0 0
14 2 0 0
14.1 2 0 0
14.2 2 0 0
14.3 2 0 0
14.4 2 0 0
14.5 2 0 0
14.6 2 0 0
14.7 2 0 0
14.8 2 0 0
14.9 2 0 0
15 2 0 0
15.1 2 0 0
15.2 2 0 0
15.3 2 0 0
15.4 2 0 0
15.5 2 0 0
15.6 2 0 0
15.7 2 0 0
15.8 2 0 0
15.9 2 0 0
16 2 0 0
16.1 2 0 0
16.2 2 0 0
16.3 2 0 0
16.4 2 0 0
16.5 2 0 0
16.6 2 0 0
16.7 2 0 0
16.8 2 0 0
16.9 2 0 0
17 2 0 0
17.1 2 0 0
17.2 2 0 0
17.3 2 0 0
17.4 2 0 0
17.5 2 0 0
17.6 2 0 0
17.7 2 0 0
17.8 2 0 0
17.9 2 0 0
18 2 0 0
18.1 2 0 0
18.2 2 0 0
18.3 2 0 0
18.4 2 0 0
18.5 2 0 0
18.6 2 0 0
18.7 2 0 0
18.8 2 0 0
18.9 2 0 0
19 2 0 0
19.1 2 0 0
19.2 2 0 0
19.3 2 0 0
19.4 2 0 0
19.5 2 0 0
19.6 2 0 0
19.7 2 0 0
19.8 2 0 0
19.9 2 0 0
-20 3 0 0
-19.9 3 0 0
-19.8 3 0 0
-19.7 3 0 0
-19.6 3 0 0
-19.5 3 0 0
-19.4 3 0 0
-19.3 3 0 0
-19.2 3 0 0
-19.1 3 0 0
-19 3 0 0
-18.9 3 0 0
-18.8 3 0 0
-18.7 3 0 0
-18.6 3 0 0
-18.5 3 0 0
-18.4 3 0 0
-18.3 3 0 0
-18.2 3 0 0
-18.1 3 0 0
-18 3 0 0
-17.9 3 0 0
-17.8 3 0 0
-17.7 3 0 0
-17.6 3 0 0
-17.5 3 0 0
-17.4 3 0 0
-17.3 3 0 0
-17.2 3 0 0
-17.1 3 0 0
-17 3 0 0
-16.9 3 0 0
-16.8 3 0 0
-16.7 3 0 0
-16.6 3 0 0
-16.5 3 0 0
-16.4 3 0 0
-16.3 3 0 0
-16.2 3 0 0
-16.1 3 0 0
-16 3 0 0
-15.9 3 0 0
-15.8 3 0 0
-15.7 3 0 0
-15.6 3 0 0
-15.5 3 0 0
-15.4 3 0 0
-15.3 3 0 0
-15.2 3 0 0
-15.1 3 0 0
-15 3 0 0
-14.9 3 0 0
-14.8 3 0 0
-14.7 3 0 0
-14.6 3 0 0
-14.5 3 0 0
-14.4 3 0 0
-14.3 3 0 0
-14.2 3 0 0
-14.1 3 0 0
-14 3 0 0
-13.9 3 0 0
-13.8 3 0 0
-13.7 3 0 0
-13.6 3 0 0
-13.5 3 0 0
-13.4 3 0 0
-13.3 3 0 0
-13.2 3 0 0
-13.1 3 0 0
-13 3 0 0
-12.9 3 0 0
-12.8 3 0 0
-12.7 3 0 0
-12.6 3 0 0
-12.5 3 0 0
-12.4 3 0 0
-12.3 3 0 0
-12.2 3 0 0
-12.1 3 0 0
-12 3 0 0
-11.9 3 0 0
-11.8 3 0 0
-11.7 3 0 0
-11.6 3 0 0
-11.5 3 0 0
-11.4 3 0 0
-11.3 3 0 0
-11.2 3 0 0
-11.1 3 0 0
-11 3 0 0
-10.9 3 0 0
-10.8 3 0 0
-10.7 3 0 0
-10.6 3 0 0
-10.5 3 0 0
-10.4 3 0 0
-10.3 3 0 0
-10.2 3 0 0
-10.1 3 0 0
-10 3 0 0
-9.9 3 0 0
-9.8 3 0 0
-9.7 3 0 0
-9.6 3 0 0
-9.5 3 0 0
-9.4 3 0 0
-9.3 3 0 0
-9.2 3 0 0
-9.1 3 0 0
-9 3 0 0
-8.9 3 0 0
-8.8 3 0 0
-8.7 3 0 0
-8.6 3 0 0
-8.5 3 0 0
-8.4 3 0 0
-8.3 3 0 0
-8.2 3 0 0
-8.1 3 0 0
-8 3 0 0
-7.9 3 0 0
-7.8 3 0 0
-7.7 3 0 0
-7.6 3 0 0
-7.5 3 0 0
-7.4 3 0 0
-7.3 3 0 0
-7.2 3 0 0
-7.1 3 0 0
-7 3 0 0
-6.9 3 0 0
-6.8 3 0 0
-6.7 3 0 0
-6.6 3 0 0
-6.5 3 0 0
-6.4 3 0 0
-6.3 3 0 0
-6.2 3 0 0
-6.1 3 0 0
-6 3 0 0
-5.9 3 0 0
-5.8 3 0 0
-5.7 3 0 0
-5.6 3 0 0
-5.5 3 0 0
-5.4 3 0 0
-5.3 3 0 0
-5.2 3 0 0
-5.1 3 0 0
-5 3 0 0
-4.9 3 0 0
-4.8 3 0 0
-4.7 3 0 0
-4.6 3 0 0
-4.5 3 0 0
-4.4 3 0 0
-4.3 3 0 0
-4.2 3 0 0
-4.1 3 0 0
-4 3 0 0
-3.9 3 0 0
-3.8 3 0 0
-3.7 3 0 0
-3.6 3 0 0
-3.5 3 0 0
-3.4 3 0 0
-3.3 3 0 0
-3.2 3 0 0
-3.1 3 0 0
-3 3 0 0
-2.9 3 0 0
-2.8 3 0 0
-2.7 3 0 0
-2.6 3 0 0
-2.5 3 0 0
-2.4 3 0 0
-2.3 3 0 0
-2.2 3 0 0
-2.1 3 0 0
-2 3 0 0
-1.9 3 0 0
-1.8 3 0 0
-1.7 3 0 0
-1.6 3 0 0
-1.5 3 0 0
-1.4 3 0 0
-1.3 3 0 0
-1.2 3 0 0
-1.1 3 0 0
-1 3 0 0
-0.9 3 0 0
-0.8 3 0 0
-0.7 3 0 0
-0.6 3 0 0
-0.5 3 0 0
-0.4 3 0 0
-0.3 3 0 0
-0.2 3 0 0
-0.1 3 0 0
1.52933e-14 3 0 0
0.1 3 0 0
0.2 3 0 0
0.3 3 0 0
0.4 3 0 0
0.5 3 0 0
0.6 3 0 0
0.7 3 0 0
0.8 3 0 0
0.9 3 0 0
1 3 0 0
1.1 3 0 0
1.2 3 0 0
1.3 3 0 0
1.4 3 0 0
1.5 3 0 0
1.6 3 0 0
1.7 3 0 0
1.8 3 0 0
1.9 3 0 0
2 3 0 0
2.1 3 0 0
2.2 3 0 0
2.3 3 0 0
2.4 3 0 0
2.5 3 0 0
2.6 3 0 0
2.7 3 0 0
2.8 3 0 0
2.9 3 0 0
3 3 0 0
3.1 3 0 0
3.2 3 0 0
3.3 3 0 0
3.4 3 0 0
3.5 3 0 0
3.6 3 0 0
3.7 3 0 0
3.8 3 0 0
3.9 3 0 0
4 3 0 0
4.1 3 0 0
4.2 3 0 0
4.3 3 0 0
4.4 3 0 0
4.5 3 0 0
4.6 3 0 0
4.7 3 0 0
4.8 3 0 0
4.9 3 0 0
5 3 0 0
5.1 3 0 0
5.2 3 0 0
5.3 3 0 0
5.4 3 0 0
5.5 3 0 0
5.6 3 0 0
5.7 3 0 0
5.8 3 0 0
5.9 3 0 0
6 3 0 0
6.1 3 0 0
6.2 3 0 0
6.3 3 0 0
6.4 3 0 0
6.5 3 0 0
6.6 3 0 0
6.7 3 0 0
6.8 3 0 0
6.9 3 0 0
7 3 0 0
7.1 3 0 0
7.2 3 0 0
7.3 3 0 0
7.4 3 0 0
7.5 3 0 0
7.6 3 0 0
7.7 3 0 0
7.8 3 0 0
7.9 3 0 0
8 3 0 0
8.1 3 0 0
8.2 3 0 0
8.3 3 0 0
8.4 3 0 0
8.5 3 0 0
8.6 3 0 0
8.7 3 0 0
8.8 3 0 0
8.9 3 0 0
9 3 0 0
9.1 3 0 0
9.2 3 0 0
9.3 3 0 0
9.4 3 0 0
9.5 3 0 0
9.6 3 0 0
9.7 3 0 0
9.8 3 0 0
9.9 3 0 0
10 3 0 0
10.1 3 0 0
10.2 3 0 0
10.3 3 0 0
10.4 3 0 0
10.5 3 0 0
10.6 3 0 0
10.7 3 0 0
10.8 3 0 0
10.9 3 0 0
11 3 0 0
11.1 3 0 0
11.2 3 0 0
11.3 3 0 0
11.4 3 0 0
11.5 3 0 0
11.6 3 0 0
11.7 3 0 0
11.8 3 0 0
11.9 3 0 0
12 3 0 0
12.1 3 0 0
12.2 3 0 0
12.3 3 0 0
12.4 3 0 0
12.5 3 0 0
12.6 3 0 0
12.7 3 0 0
12.8 3 0 0
12.9 3 0 0
13 3 0 0
13.1 3 0 0
13.2 3 0 0
13.3 3 0 0
13.4 3 0 0
13.5 3 0 0
13.6 3 0 0
13.7 3 0 0
13.8 3 0 0
13.9 3 0 0
14 3 0 0
14.1 3 0 0
14.2 3 0 0
14.3 3 0 0
14.4 3 0 0
14.5 3 0 0
14.6 3 0 0
14.7 3 0 0
14.8 3 0 0
14.9 3 0 0
15 3 0 0
15.1 3 0 0
15.2 3 0 0
15.3 3 0 0
15.4 3 0 0
15.5 3 0 0
15.6 3 0 0
15.7 3 0 0
15.8 3 0 0
15.9 3 0 0
16 3 0 0
16.1 3 0 0
16.2 3 0 0
16.3 3 0 0
16.4 3 0 0
16.5 3 0 0
16.6 3 0 0
16.7 3 0 0
16.8 3 0 0
16.9 3 0 0
17 3 0 0
17.1 3 0 0
17.2 3 0 0
17.3 3 0 0
17.4 3 0 0
17.5 3 0 0
17.6 3 0 0
17.7 3 0 0
17.8 3 0 0
17.9 3 0 0
18 3 0 0
18.1 3 0 0
18.2 3 0 0
18.3 3 0 0
18.4 3 0 0
18.5 3 0 0
18.6 3 0 0
18.7 3 0 0
18.8 3 0 0
18.9 3 0 0
19 3 0 0
19.1 3 0 0
19.2 3 0 0
19.3 3 0 0
19.4 3 0 0
19.5 3 0 0
19.6 3 0 0
19.7 3 0 0
19.8 3 0 0
19.9 3 0 0
-20 4 0 0
-19.9 4 0 0
-19.8 4 0 0
-19.7 4 0 0
-19.6 4 0 0
-19.5 4 0 0
-19.4 4 0 0
-19.3 4 0 0
-19.2 4 0 0
-19.1 4 0 0
-19 4 0 0
-18.9 4 0 0
-18.8 4 0 0
-18.7 4 0 0
-18.6 4 0 0
-18.5 4 0 0
-18.4 4 0 0
-18.3 4 0 0
-18.2 4 0 0
-18.1 4 0 0
-18 4 0 0
-17.9 4 0 0
-17.8 4 0 0
-17.7 4 0 0
-17.6 4 0 0
-17.5 4 0 0
-17.4 4 0 0
-17.3 4 0 0
-17.2 4 0 0
-17.1 4 0 0
-17 4 0 0
-16.9 4 0 0
-16.8 4 0 0
-16.7 4 0 0
-16.6 4 0 0
-16.5 4 0 0
-16.4 4 0 0
-16.3 4 0 0
-16.2 4 0 0
-16.1 4 0 0
-16 4 0 0
-15.9 4 0 0
-15.8 4 0 0
-15.7 4 0 0
-15.6 4 0 0
-15.5 4 0 0
-15.4 4 0 0
-15.3 4 0 0
-15.2 4 0 0
-15.1 4 0 0
-15 4 0 0
-14.9 4 0 0
-14.8 4 0 0
-14.7 4 0 0
-14.6 4 0 0
-14.5 4 0 0
-14.4 4 0 0
-14.3 4 0 0
-14.2 4 0 0
-14.1 4 0 0
-14 4 0 0
-13.9 4 0 0
-13.8 4 0 0
-13.7 4 0 0
-13.6 4 0 0
-13.5 4 0 0
-13.4 4 0 0
-13.3 4 0 0
-13.2 4 0 0
-13.1 4 0 0
-13 4 0 0
-12.9 4 0 0
-12.8 4 0 0
-12.7 4 0 0
-12.6 4 0 0
-12.5 4 0 0
-12.4 4 0 0
-12.3 4 0 0
-12.2 4 0 0
-12.1 4 0 0
-12 4 0 0
-11.9 4 0 0
-11.8 4 0 0
-11.7 4 0 0
-11.6 4 0 0
-11.5 4 0 0
-11.4 4 0 0
-11.3 4 0 0
-11.2 4 0 0
-11.1 4 0 0
-11 4 0 0
-10.9 4 0 0
-10.8 4 0 0
-10.7 4 0 0
-10.6 4 0 0
-10.5 4 0 0
-10.4 4 0 0
-10.3 4 0 0
-10.2 4 0 0
-10.1 4 0 0
-10 4 0 0
-9.9 4 0 0
-9.8 4 0 0
-9.7 4 0 0
-9.6 4 0 0
-9.5 4 0 0
-9.4 4 0 0
-9.3 4 0 0
-9.2 4 0 0
-9.1 4 0 0
-9 4 0 0
-8.9 4 0 0
-8.8 4 0 0
-8.7 4 0 0
-8.6 4 0 0
-8.5 4 0 0
-8.4 4 0 0
-8.3 4 0 0
-8.2 4 0 0
-8.1 4 0 0
-8 4 0 0
-7.9 4 0 0
-7.8 4 0 0
-7.7 4 0 0
-7.6 4 0 0
-7.5 4 0 0
-7.4 4 0 0
-7.3 4 0 0
-7.2 4 0 0
-7.1 4 0 0
-7 4 0 0
-6.9 4 0 0
-6.8 4 0 0
-6.7 4 0 0
-6.6 4 0 0
-6.5 4 0 0
-6.4 4 0 0
-6.3 4 0 0
-6.2 4 0 0
-6.1 4 0 0
-6 4 0 0
-5.9 4 0 0
-5.8 4 0 0
-5.7 4 0 0
-5.6 4 0 0
-5.5 4 0 0
-5.4 4 0 0
-5.3 4 0 0
-5.2 4 0 0
-5.1 4 0 0
-5 4 0 0
-4.9 4 0 0
-4.8 4 0 0
-4.7 4 0 0
-4.6 4 0 0
-4.5 4 0 0
-4.4 4 0 0
-4.3 4 0 0
-4.2 4 0 0
-4.1 4 0 0
-4 4 0 0
-3.9 4 0 0
-3.8 4 0 0
-3.7 4 0 0
-3.6 4 0 0
-3.5 4 0 0
-3.4 4 0 0
-3.3 4 0 0
-3.2 4 0 0
-3.1 4 0 0
-3 4 0 0
-2.9 4 0 0
-2.8 4 0 0
-2.7 4 0 0
-2.6 4 0 0
-2.5 4 0 0
-2.4 4 0 0
-2.3 4 0 0
-2.2 4 0 0
-2.1 4 0 0
-2 4 0 0
-1.9 4 0 0
-1.8 4 0 0
-1.7 4 0 0
-1.6 4 0 0
-1.5 4 0 0
-1.4 4 0 0
-1.3 4 0 0
-1.2 4 0 0
-1.1 4 0 0
-1 4 0 0
-0.9 4 0 0
-0.8 4 0 0
-0.7 4 0 0
-0.6 4 0 0
-0.5 4 0 0
-0.4 4 0 0
-0.3 4 0 0
-0.2 4 0 0
-0.1 4 0 0
1.52933e-14 4 0 0
0.1 4 0 0
0.2 4 0 0
0.3 4 0 0
0.4 4 0 0
0.5 4 0 0
0.6 4 0 0
0.7 4 0 0
0.8 4 0 0
0.9 4 0 0
1 4 0 0
1.1 4 0 0
1.2 4 0 0
1.3 4 0 0
1.4 4 0 0
1.5 4 0 0
1.6 4 0 0
1.7 4 0 0
1.8 4 0 0
1.9 4 0 0
2 4 0 0
2.1 4 0 0
2.2 4 0 0
2.3 4 0 0
2.4 4 0 0
2.5 4 0 0
2.6 4 0 0
2.7 4 0 0
2.8 4 0 0
2.9 4 0 0
3 4 0 0
3.1 4 0 0
3.2 4 0 0
3.3 4 0 0
3.4 4 0 0
3.5 4 0 0
3.6 4 0 0
3.7 4 0 0
3.8 4 0 0
3.9 4 0 0
4 4 0 0
4.1 4 0 0
4.2 4 0 0
4.3 4 0 0
4.4 4 0 0
4.5 4 0 0
4.6 4 0 0
4.7 4 0 0
4.8 4 0 0
4.9 4 0 0
5 4 0 0
5.1 4 0 0
5.2 4 0 0
5.3 4 0 0
5.4 4 0 0
5.5 4 0 0
5.6 4 0 0
5.7 4 0 0
5.8 4 0 0
5.9 4 0 0
6 4 0 0
6.1 4 0 0
6.2 4 0 0
6.3 4 0 0
6.4 4 0 0
6.5 4 0 0
6.6 4 0 0
6.7 4 0 0
6.8 4 0 0
6.9 4 0 0
7 4 0 0
7.1 4 0 0
7.2 4 0 0
7.3 4 0 0
7.4 4 0 0
7.5 4 0 0
7.6 4 0 0
7.7 4 0 0
7.8 4 0 0
7.9 4 0 0
8 4 0 0
8.1 4 0 0
8.2 4 0 0
8.3 4 0 0
8.4 4 0 0
8.5 4 0 0
8.6 4 0 0
8.7 4 0 0
8.8 4 0 0
8.9 4 0 0
9 4 0 0
9.1 4 0 0
9.2 4 0 0
9.3 4 0 0
9.4 4 0 0
9.5 4 0 0
9.6 4 0 0
9.7 4 0 0
9.8 4 0 0
9.9 4 0 0
10 4 0 0
10.1 4 0 0
10.2 4 0 0
10.3 4 0 0
10.4 4 0 0
10.5 4 0 0
10.6 4 0 0
10.7 4 0 0
10.8 4 0 0
10.9 4 0 0
11 4 0 0
11.1 4 0 0
11.2 4 0 0
11.3 4 0 0
11.4 4 0 0
11.5 4 0 0
11.6 4 0 0
11.7 4 0 0
11.8 4 0 0
11.9 4 0 0
12 4 0 0
12.1 4 0 0
12.2 4 0 0
12.3 4 0 0
12.4 4 0 0
12.5 4 0 0
12.6 4 0 0
12.7 4 0 0
12.8 4 0 0
12.9 4 0 0
13 4 0 0
13.1 4 0 0
13.2 4 0 0
13.3 4 0 0
13.4 4 0 0
13.5 4 0 0
13.6 4 0 0
13.7 4 0 0
13.8 4 0 0
13.9 4 0 0
14 4 0 0
14.1 4 0 0
14.2 4 0 0
14.3 4 0 0
14.4 4 0 0
14.5 4 0 0
14.6 4 0 0
14.7 4 0 0
14.8 4 0 0
14.9 4 0 0
15 4 0 0
15.1 4 0 0
15.2 4 0 0
15.3 4 0 0
15.4 4 0 0
15.5 4 0 0
15.6 4 0 0
15.7 4 0 0
15.8 4 0 0
15.9 4 0 0
16 4 0 0
16.1 4 0 0
16.2 4 0 0
16.3 4 0 0
16.4 4 0 0
16.5 4 0 0
16.6 4 0 0
16.7 4 0 0
16.8 4 0 0
16.9 4 0 0
17 4 0 0
17.1 4 0 0
17.2 4 0 0
17.3 4 0 0
17.4 4 0 0
17.5 4 0 0
17.6 4 0 0
17.7 4 0 0
17.8 4 0 0
17.9 4 0 0
18 4 0 0
18.1 4 0 0
18.2 4 0 0
18.3 4 0 0
18.4 4 0 0
18.5 4 0 0
18.6 4 0 0
18.7 4 0 0
18.8 4 0 0
18.9 4 0 0
19 4 0 0
19.1 4 0 0
19.2 4 0 0
19.3 4 0 0
19.4 4 0 0
19.5 4 0 0
19.6 4 0 0
19.7 4 0 0
19.8 4 0 0
19.9 4 0 0
-20 5 0 0
-19.9 5 0 0
-19.8 5 0 0
-19.7 5 0 0
-19.6 5 0 0
-19.5 5 0 0
-19.4 5 0 0
-19.3 5 0 0
-19.2 5 0 0
-19.1 5 0 0
-19 5 0 0
-18.9 5 0 0
-18.8 5 0 0
-18.7 5 0 0
-18.6 5 0 0
-18.5 5 0 0
-18.4 5 0 0
-18.3 5 0 0
-18.2 5 0 0
-18.1 5 0 0
-18 5 0 0
-17.9 5 0 0
-17.8 5 0 0
-17.7 5 0 0
-17.6 5 0 0
-17.5 5 0 0
-17.4 5 0 0
-17.3 5 0 0
-17.2 5 0 0
-17.1 5 0 0
-17 5 0 0
-16.9 5 0 0
-16.8 5 0 0
-16.7 5 0 0
-16.6 5 0 0
-16.5 5 0 0
-16.4 5 0 0
-16.3 5 0 0
-16.2 5 0 0
-16.1 5 0 0
-16 5 0 0
-15.9 5 0 0
-15.8 5 0 0
-15.7 5 0 0
-15.6 5 0 0
-15.5 5 0 0
-15.4 5 0 0
-15.3 5 0 0
-15.2 5 0 0
-15.1 5 0 0
-15 5 0 0
-14.9 5 0 0
-14.8 5 0 0
-14.7 5 0 0
-14.6 5 0 0
-14.5 5 0 0
-14.4 5 0 0
-14.3 5 0 0
-14.2 5 0 0
-14.1 5 0 0
-14 5 0 0
-13.9 5 0 0
-13.8 5 0 0
-13.7 5 0 0
-13.6 5 0 0
-13.5 5 0 0
-13.4 5 0 0
-13.3 5 0 0
-13.2 5 0 0
-13.1 5 0 0
-13 5 0 0
-12.9 5 0 0
-12.8 5 0 0
-12.7 5 0 0
-12.6 5 0 0
-12.5 5 0 0
-12.4 5 0 0
-12.3 5 0 0
-12.2 5 0 0
-12.1 5 0 0
-12 5 0 0
-11.9 5 0 0
-11.8 5 0 0
-11.7 5 0 0
-11.6 5 0 0
-11.5 5 0 0
-11.4 5 0 0
-11.3 5 0 0
-11.2 5 0 0
-11.1 5 0 0
-11 5 0 0
-10.9 5 0 0
-10.8 5 0 0
-10.7 5 0 0
-10.6 5 0 0
-10.5 5 0 0
-10.4 5 0 0
-10.3 5 0 0
-10.2 5 0 0
-10.1 5 0 0
-10 5 0 0
-9.9 5 0 0
-9.8 5 0 0
-9.7 5 0 0
-9.6 5 0 0
-9.5 5 0 0
-9.4 5 0 0
-9.3 5 0 0
-9.2 5 0 0
-9.1 5 0 0
-9 5 0 0
-8.9 5 0 0
-8.8 5 0 0
-8.7 5 0 0
-8.6 5 0 0
-8.5 5 0 0
-8.4 5 0 0
-8.3 5 0 0
-8.2 5 0 0
-8.1 5 0 0
-8 5 0 0
-7.9 5 0 0
-7.8 5 0 0
-7.7 5 0 0
-7.6 5 0 0
-7.5 5 0 0
-7.4 5 0 0
-7.3 5 0 0
-7.2 5 0 0
-7.1 5 0 0
-7 5 0 0
-6.9 5 0 0
-6.8 5 0 0
-6.7 5 0 0
-6.6 5 0 0
-6.5 5 0 0
-6.4 5 0 0
-6.3 5 0 0
-6.2 5 0 0
-6.1 5 0 0
-6 5 0 0
-5.9 5 0 0
-5.8 5 0 0
-5.7 5 0 0
-5.6 5 0 0
-5.5 5 0 0
-5.4 5 0 0
-5.3 5 0 0
-5.2 5 0 0
-5.1 5 0 0
-5 5 0 0
-4.9 5 0 0
-4.8 5 0 0
-4.7 5 0 0
-4.6 5 0 0
-4.5 5 0 0
-4.4 5 0 0
-4.3 5 0 0
-4.2 5 0 0
-4.1 5 0 0
-4 5 0 0
-3.9 5 0 0
-3.8 5 0 0
-3.7 5 0 0
-3.6 5 0 0
-3.5 5 0 0
-3.4 5 0 0
-3.3 5 0 0
-3.2 5 0 0
-3.1 5 0 0
-3 5 0 0
-2.9 5 0 0
-2.8 5 0 0
-2.7 5 0 0
-2.6 5 0 0
-2.5 5 0 0
-2.4 5 0 0
-2.3 5 0 0
-2.2 5 0 0
-2.1 5 0 0
-2 5 0 0
-1.9 5 0 0
-1.8 5 0 0
-1.7 5 0 0
-1.6 5 0 0
-1.5 5 0 0
-1.4 5 0 0
-1.3 5 0 0
-1.2 5 0 0
-1.1 5 0 0
-1 5 0 0
-0.9 5 0 0
-0.8 5 0 0
-0.7 5 0 0
-0.6 5 0 0
-0.5 5 0 0
-0.4 5 0 0
-0.3 5 0 0
-0.2 5 0 0
-0.1 5 0 0
1.52933e-14 5 0 0
0.1 5 0 0
0.2 5 0 0
0.3 5 0 0
0.4 5 0 0
0.5 5 0 0
0.6 5 0 0
0.7 5 0 0
0.8 5 0 0
0.9 5 0 0
1 5 0 0
1.1 5 0 0
1.2 5 0 0
1.3 5 0 0
1.4 5 0 0
1.5 5 0 0
1.6 5 0 0
1.7 5 0 0
1.8 5 0 0
1.9 5 0 0
2 5 0 0
2.1 5 0 0
2.2 5 0 0
2.3 5 0 0
2.4 5 0 0
2.5 5 0 0
2.6 5 0 0
2.7 5 0 0
2.8 5 0 0
2.9 5 0 0
3 5 0 0
3.1 5 0 0
3.2 5 0 0
3.3 5 0 0
3.4 5 0 0
3.5 5 0 0
3.6 5 0 0
3.7 5 0 0
3.8 5 0 0
3.9 5 0 0
4 5 0 0
4.1 5 0 0
4.2 5 0 0
4.3 5 0 0
4.4 5 0 0
4.5 5 0 0
4.6 5 0 0
4.7 5 0 0
4.8 5 0 0
4.9 5 0 0
5 5 0 0
5.1 5 0 0
5.2 5 0 0
5.3 5 0 0
5.4 5 0 0
5.5 5 0 0
5.6 5 0 0
5.7 5 0 0
5.8 5 0 0
5.9 5 0 0
6 5 0 0
6.1 5 0 0
6.2 5 0 0
6.3 5 0 0
6.4 5 0 0
6.5 5 0 0
6.6 5 0 0
6.7 5 0 0
6.8 5 0 0
6.9 5 0 0
7 5 0 0
7.1 5 0 0
7.2 5 0 0
7.3 5 0 0
7.4 5 0 0
7.5 5 0 0
7.6 5 0 0
7.7 5 0 0
7.8 5 0 0
7.9 5 0 0
8 5 0 0
8.1 5 0 0
8.2 5 0 0
8.3 5 0 0
8.4 5 0 0
8.5 5 0 0
8.6 5 0 0
8.7 5 0 0
8.8 5 0 0
8.9 5 0 0
9 5 0 0
9.1 5 0 0
9.2 5 0 0
9.3 5 0 0
9.4 5 0 0
9.5 5 0 0
9.6 5 0 0
9.7 5 0 0
9.8 5 0 0
9.9 5 0 0
10 5 0 0
10.1 5 0 0
10.2 5 0 0
10.3 5 0 0
10.4 5 0 0
10.5 5 0 0
10.6 5 0 0
10.7 5 0 0
10.8 5 0 0
10.9 5 0 0
11 5 0 0
11.1 5 0 0
11.2 5 0 0
11.3 5 0 0
11.4 5 0 0
11.5 5 0 0
11.6 5 0 0
11.7 5 0 0
11.8 5 0 0
11.9 5 0 0
12 5 0 0
12.1 5 0 0
12.2 5 0 0
12.3 5 0 0
12.4 5 0 0
12.5 5 0 0
12.6 5 0 0
12.7 5 0 0
12.8 5 0 0
12.9 5 0 0
13 5 0 0
13.1 5 0 0
13.2 5 0 0
13.3 5 0 0
13.4 5 0 0
13.5 5 0 0
13.6 5 0 0
13.7 5 0 0
13.8 5 0 0
13.9 5 0 0
14 5 0 0
14.1 5 0 0
14.2 5 0 0
14.3 5 0 0
14.4 5 0 0
14.5 5 0 0
14.6 5 0 0
14.7 5 0 0
14.8 5 0 0
14.9 5 0 0
15 5 0 0
15.1 5 0 0
15.2 5 0 0
15.3 5 0 0
15.4 5 0 0
15.5 5 0 0
15.6 5 0 0
15.7 5 0 0
15.8 5 0 0
15.9 5 0 0
16 5 0 0
16.1 5 0 0
16.2 5 0 0
16.3 5 0 0
16.4 5 0 0
16.5 5 0 0
16.6 5 0 0
16.7 5 0 0
16.8 5 0 0
16.9 5 0 0
17 5 0 0
17.1 5 0 0
17.2 5 0 0
17.3 5 0 0
17.4 5 0 0
17.5 5 0 0
17.6 5 0 0
17.7 5 0 0
17.8 5 0 0
17.9 5 0 0
18 5 0 0
18.1 5 0 0
18.2 5 0 0
18.3 5 0 0
18.4 5 0 0
18.5 5 0 0
18.6 5 0 0
18.7 5 0 0
18.8 5 0 0
18.9 5 0 0
19 5 0 0
19.1 5 0 0
19.2 5 0 0
19.3 5 0 0
19.4 5 0 0
19.5 5 0 0
19.6 5 0 0
19.7 5 0 0
19.8 5 0 0
19.9 5 0 0
-20 6 0 0
-19.9 6 0 0
-19.8 6 0 0
-19.7 6 0 0
-19.6 6 0 0
-19.5 6 0 0
-19.4 6 0 0
-19.3 6 0 0
-19.2 6 0 0
-19.1 6 0 0
-19 6 0 0
-18.9 6 0 0
-18.8 6 0 0
-18.7 6 0 0
-18.6 6 0 0
-18.5 6 0 0
-18.4 6 0 0
-18.3 6 0 0
-18.2 6 0 0
-18.1 6 0 0
-18 6 0 0
-17.9 6 0 0
-17.8 6 0 0
-17.7 6 0 0
-17.6 6 0 0
-17.5 6 0 0
-17.4 6 0 0
-17.3 6 0 0
-17.2 6 0 0
-17.1 6 0 0
-17 6 0 0
-16.9 6 0 0
-16.8 6 0 0
-16.7 6 0 0
-16.6 6 0 0
-16.5 6 0 0
-16.4 6 0 0
-16.3 6 0 0
-16.2 6 0 0
-16.1 6 0 0
-16 6 0 0
-15.9 6 0 0
-15.8 6 0 0
-15.7 6 0 0
-15.6 6 0 0
-15.5 6 0 0
-15.4 6 0 0
-15.3 6 0 0
-15.2 6 0 0
-15.1 6 0 0
-15 6 0 0
-14.9 6 0 0
-14.8 6 0 0
-14.7 6 0 0
-14.6 6 0 0
-14.5 6 0 0
-14.4 6 0 0
-14.3 6 0 0
-14.2 6 0 0
-14.1 6 0 0
-14 6 0 0
-13.9 6 0 0
-13.8 6 0 0
-13.7 6 0 0
-13.6 6 0 0
-13.5 6 0 0
-13.4 6 0 0
-13.3 6 0 0
-13.2 6 0 0
-13.1 6 0 0
-13 6 0 0
-12.9 6 0 0
-12.8 6 0 0
-12.7 6 0 0
-12.6 6 0 0
-12.5 6 0 0
-12.4 6 0 0
-12.3 6 0 0
-12.2 6 0 0
-12.1 6 0 0
-12 6 0 0
-11.9 6 0 0
-11.8 6 0 0
-11.7 6 0 0
-11.6 6 0 0
-11.5 6 0 0
-11.4 6 0 0
-11.3 6 0 0
-11.2 6 0 0
-11.1 6 0 0
-11 6 0 0
-10.9 6 0 0
-10.8 6 0 0
-10.7 6 0 0
-10.6 6 0 0
-10.5 6 0 0
-10.4 6 0 0
-10.3 6 0 0
-10.2 6 0 0
-10.1 6 0 0
-10 6 0 0
-9.9 6 0 0
-9.8 6 0 0
-9.7 6 0 0
-9.6 6 0 0
-9.5 6 0 0
-9.4 6 0 0
-9.3 6 0 0
-9.2 6 0 0
-9.1 6 0 0
-9 6 0 0
-8.9 6 0 0
-8.8 6 0 0
-8.7 6 0 0
-8.6 6 0 0
-8.5 6 0 0
-8.4 6 0 0
-8.3 6 0 0
-8.2 6 0 0
-8.1 6 0 0
-8 6 0 0
-7.9 6 0 0
-7.8 6 0 0
-7.7 6 0 0
-7.6 6 0 0
-7.5 6 0 0
-7.4 6 0 0
-7.3 6 0 0
-7.2 6 0 0
-7.1 6 0 0
-7 6 0 0
-6.9 6 0 0
-6.8 6 0 0
-6.7 6 0 0
-6.6 6 0 0
-6.5 6 0 0
-6.4 6 0 0
-6.3 6 0 0
-6.2 6 0 0
-6.1 6 0 0
-6 6 0 0
-5.9 6 0 0
-5.8 6 0 0
-5.7 6 0 0
-5.6 6 0 0
-5.5 6 0 0
-5.4 6 0 0
-5.3 6 0 0
-5.2 6 0 0
-5.1 6 0 0
-5 6 0 0
-4.9 6 0 0
-4.8 6 0 0
-4.7 6 0 0
-4.6 6 0 0
-4.5 6 0 0
-4.4 6 0 0
-4.3 6 0 0
-4.2 6 0 0
-4.1 6 0 0
-4 6 0 0
-3.9 6 0 0
-3.8 6 0 0
-3.7 6 0 0
-3.6 6 0 0
-3.5 6 0 0
-3.4 6 0 0
-3.3 6 0 0
-3.2 6 0 0
-3.1 6 0 0
-3 6 0 0
-2.9 6 0 0
-2.8 6 0 0
-2.7 6 0 0
-2.6 6 0 0
-2.5 6 0 0
-2.4 6 0 0
-2.3 6 0 0
-2.2 6 0 0
-2.1 6 0 0
-2 6 0 0
-1.9 6 0 0
-1.8 6 0 0
-1.7 6 0 0
-1.6 6 0 0
-1.5 6 0 0
-1.4 6 0 0
-1.3 6 0 0
-1.2 6 0 0
-1.1 6 0 0
-1 6 0 0
-0.9 6 0 0
-0.8 6 0 0
-0.7 6 0 0
-0.6 6 0 0
-0.5 6 0 0
-0.4 6 0 0
-0.3 6 0 0
-0.2 6 0 0
-0.1 6 0 0
1.52933e-14 6 0 0
0.1 6 0 0
0.2 6 0 0
0.3 6 0 0
0.4 6 0 0
0.5 6 0 0
0.6 6 0 0
0.7 6 0 0
0.8 6 0 0
0.9 6 0 0
1 6 0 0
1.1 6 0 0
1.2 6 0 0
1.3 6 0 0
1.4 6 0 0
1.5 6 0 0
1.6 6 0 0
1.7 6 0 0
1.8 6 0 0
1.9 6 0 0
2 6 0 0
2.1 6 0 0
2.2 6 0 0
2.3 6 0 0
2.4 6 0 0
2.5 6 0 0
2.6 6 0 0
2.7 6 0 0
2.8 6 0 0
2.9 6 0 0
3 6 0 0
3.1 6 0 0
3.2 6 0 0
3.3 6 0 0
3.4 6 0 0
3.5 6 0 0
3.6 6 0 0
3.7 6 0 0
3.8 6 0 0
3.9 6 0 0
4 6 0 0
4.1 6 0 0
4.2 6 0 0
4.3 6 0 0
4.4 6 0 0
4.5 6 0 0
4.6 6 0 0
4.7 6 0 0
4.8 6 0 0
4.9 6 0 0
5 6 0 0
5.1 6 0 0
5.2 6 0 0
5.3 6 0 0
5.4 6 0 0
5.5 6 0 0
5.6 6 0 0
5.7 6 0 0
5.8 6 0 0
5.9 6 0 0
6 6 0 0
6.1 6 0 0
6.2 6 0 0
6.3 6 0 0
6.4 6 0 0
6.5 6 0 0
6.6 6 0 0
6.7 6 0 0
6.8 6 0 0
6.9 6 0 0
7 6 0 0
7.1 6 0 0
7.2 6 0 0
7.3 6 0 0
7.4 6 0 0
7.5 6 0 0
7.6 6 0 0
7.7 6 0 0
7.8 6 0 0
7.9 6 0 0
8 6 0 0
8.1 6 0 0
8.2 6 0 0
8.3 6 0 0
8.4 6 0 0
8.5 6 0 0
8.6 6 0 0
8.7 6 0 0
8.8 6 0 0
8.9 6 0 0
9 6 0 0
9.1 6 0 0
9.2 6 0 0
9.3 6 0 0
9.4 6 0 0
9.5 6 0 0
9.6 6 0 0
9.7 6 0 0
9.8 6 0 0
9.9 6 0 0
10 6 0 0
10.1 6 0 0
10.2 6 0 0
10.3 6 0 0
10.4 6 0 0
10.5 6 0 0
10.6 6 0 0
10.7 6 0 0
10.8 6 0 0
10.9 6 0 0
11 6 0 0
11.1 6 0 0
11.2 6 0 0
11.3 6 0 0
11.4 6 0 0
11.5 6 0 0
11.6 6 0 0
11.7 6 0 0
11.8 6 0 0
11.9 6 0 0
12 6 0 0
12.1 6 0 0
12.2 6 0 0
12.3 6 0 0
12.4 6 0 0
12.5 6 0 0
12.6 6 0 0
12.7 6 0 0
12.8 6 0 0
12.9 6 0 0
13 6 0 0
13.1 6 0 0
13.2 6 0 0
13.3 6 0 0
13.4 6 0 0
13.5 6 0 0
13.6 6 0 0
13.7 6 0 0
13.8 6 0 0
13.9 6 0 0
14 6 0 0
14.1 6 0 0
14.2 6 0 0
14.3 6 0 0
14.4 6 0 0
14.5 6 0 0
14.6 6 0 0
14.7 6 0 0
14.8 6 0 0
14.9 6 0 0
15 6 0 0
15.1 6 0 0
15.2 6 0 0
15.3 6 0 0
15.4 6 0 0
15.5 6 0 0
15.6 6 0 0
15.7 6 0 0
15.8 6 0 0
15.9 6 0 0
16 6 0 0
16.1 6 0 0
16.2 6 0 0
16.3 6 0 0
16.4 6 0 0
16.5 6 0 0
16.6 6 0 0
16.7 6 0 0
16.8 6 0 0
16.9 6 0 0
17 6 0 0
17.1 6 0 0
17.2 6 0 0
17.3 6 0 0
17.4 6 0 0
17.5 6 0 0
17.6 6 0 0
17.7 6 0 0
17.8 6 0 0
17.9 6 0 0
18 6 0 0
18.1 6 0 0
18.2 6 0 0
18.3 6 0 0
18.4 6 0 0
18.5 6 0 0
18.6 6 0 0
18.7 6 0 0
18.8 6 0 0
18.9 6 0 0
19 6 0 0
19.1 6 0 0
19.2 6 0 0
19.3 6 0 0
19.4 6 0 0
19.5 6 0 0
19.6 6 0 0
19.7 6 0 0
19.8 6 0 0
19.9 6 0 0
