stoptorque goal_current current velocity position Fx Fy Fz Mx My Mz counterclock Time
-0.0773542 29 4 -21 3504 -1.13302 -0.212463 -2.37585 0.0648253 -0.0998018 -0.071378 1 7978
-0.0784598 30 32 -28 3499 -1.32734 -0.52994 -2.72657 0.0406723 -0.148262 -0.0670649 1 7984
-0.0914195 35 30 -33 3497 -1.48764 0.442116 -3.45456 0.131824 -0.134037 -0.0498735 1 7989
-0.0407014 15 34 -34 3493 -2.13022 -0.60965 -2.63448 0.0343965 -0.0104588 -0.0435136 1 7994
-0.0989003 38 3 -36 3491 -1.60217 -0.096529 -3.90993 0.127881 -0.0304715 -0.0481321 1 7998
-0.170571 65 35 -37 3488 -1.44557 1.22894 -6.47612 0.244697 -0.147954 -0.0319465 1 8003
-0.0921935 35 66 -36 3486 -1.79163 0.0509129 -3.96842 0.106018 -0.068072 -0.0198313 1 8008
-0.132343 50 29 -31 3485 -1.07479 0.512625 -4.45955 0.127718 -0.103513 -0.0349964 1 8013
-0.129158 49 48 -27 3483 -1.34617 0.489822 -4.68346 0.134746 -0.13292 -0.0540196 1 8019
-0.12691 48 48 -20 3482 -1.59323 0.527159 -4.91346 0.155183 -0.136278 -0.0675477 1 8027
-0.111767 42 48 -10 3481 -2.39476 1.07255 -5.64475 0.173069 -0.168005 -0.0925401 1 8036
-0.0904072 34 42 -2 3482 -2.81005 0.649456 -5.5305 0.183411 0.0837317 -0.0651571 1 8047
0 0 33 0 3482 -1.90174 1.27444 -6.9674 0.185652 -0.0957313 -0.0757696 1 8052
0 0 0 0 3483 -1.30959 0.971725 -4.81728 0.0225539 -0.0679339 -0.0270803 1 8057
0.319097 -122 0 1 3483 -2.62021 1.03708 -7.17178 0.237587 0.194715 -0.014648 1 8064
0.220525 -84 -116 1 3485 -1.5593 0.173241 -4.58709 0.113414 0.127457 -0.047095 1 8070
-0.114604 44 -85 -1 3480 -1.6774 0.37516 -4.60194 0.172909 0.128498 -0.00554165 1 8078
-0.12855 49 47 -9 3476 -1.42084 -0.343937 -4.75583 0.190996 0.144546 0.0261727 1 8083
-0.0924042 35 47 -21 3471 -2.34434 0.437912 -4.85916 0.190696 0.133381 -0.0243268 1 8093
-0.0878599 33 33 -24 3470 -1.66307 -0.354053 -3.60524 0.100605 0.0701821 -0.0650576 1 8098
-0.0619539 23 31 -29 3468 -2.17955 0.0668926 -3.48713 0.112853 0.0574256 -0.0813205 1 8106
-0.044239 17 22 -17 3470 -1.7139 -0.572285 -2.09813 0.0428849 0.0157242 -0.0539186 1 8113
-0.0384718 14 16 -1 3472 -1.74409 -0.283276 -1.93638 0.0493144 0.00338407 -0.0753386 1 8122
0.160443 -61 15 3 3472 -1.93545 -0.070118 -1.68557 0.0749875 -0.00364552 -0.0795188 1 8129
0.189119 -72 -63 7 3472 -1.84651 0.421982 -2.95294 0.144777 0.08861 -0.0774999 1 8138
0.156769 -60 -69 6 3472 -1.45183 0.284792 -2.16499 0.105378 0.0641193 -0.0709501 1 8143
-0.0232998 8 -59 -4 3466 -2.08989 0.427998 -1.93642 0.091349 0.0556156 -0.0549943 1 8150
-0.0480628 18 29 -17 3461 -1.67135 0.245918 -2.16938 0.0824195 0.0541267 -0.0507288 1 8156
-0.026255 10 15 -35 3453 -1.79637 0.179396 -1.57506 0.0430903 0.0550307 -0.0601218 1 8165
-0.0319691 12 19 -45 3447 -1.37001 -0.0458431 -1.10194 0.0238944 0.0297745 -0.0588373 1 8172
-0.0285411 10 8 -49 3443 -1.25663 -0.0114765 -0.795963 0.0294485 0.031125 -0.0584521 1 8178
-0.0352776 13 14 -46 3441 -1.07831 -0.0641766 -0.756353 0.0315876 0.0426207 -0.0579855 1 8184
-0.0277482 10 12 -32 3440 -0.949526 -0.0614967 -0.27644 0.0409129 0.0448703 -0.0623696 1 8192
-0.031513 12 11 -24 3440 -0.845417 -0.0316467 -0.247187 0.0292315 0.0480204 -0.0556134 1 8198
-0.0284576 10 11 -11 3440 -0.858326 -0.0941429 -0.156559 0.0266535 0.0475318 -0.0540223 1 8206
-0.0277118 10 9 -6 3440 -0.815232 -0.127865 -0.0605526 0.0189933 0.048513 -0.0473805 1 8211
-0.0279966 10 11 -1 3441 -0.658091 -0.235931 0.18014 0.0250858 0.0452152 -0.0472048 1 8218
0 0 10 0 3441 -0.635768 -0.156925 0.343615 0.0195729 0.0412297 -0.0413047 1 8224
0.0578771 -22 1 5 3444 -0.498519 -0.315367 0.572065 0.0265237 0.0490279 -0.0450691 1 8230
0.0543776 -20 -25 8 3445 -0.476332 -0.312386 0.683891 0.0208411 0.0401356 -0.0399172 1 8236
0.0386315 -14 -18 12 3448 -0.217663 -0.393791 0.981127 0.0154407 0.0362535 -0.0400795 1 8245
-0.01035 3 -10 14 3448 -0.0572624 -0.403091 1.29643 0.0195584 0.0339165 -0.0410331 1 8252
-0.0102 3 1 11 3449 -0.00339699 -0.399721 1.49328 0.0185561 0.0339087 -0.035461 1 8262
0.00460002 -1 3 6 3449 0.140022 -0.486935 1.67203 0.0194374 0.0346555 -0.0367498 1 8268
-0.01005 3 1 4 3450 0.0443802 -0.301693 1.63809 0.0209452 0.034758 -0.0361839 1 8275
0.00468825 -1 1 2 3450 0.171773 -0.427845 1.80582 0.0117503 0.0341023 -0.0339031 1 8282
-0.00314522 1 2 2 3451 0.264561 -0.370941 1.94281 0.0198326 0.0346026 -0.0377092 1 8290
-0.00524722 2 1 2 3451 0.338215 -0.480175 1.90167 0.00857484 0.0334436 -0.0348338 1 8294
-0.0134371 5 1 3 3452 0.407966 -0.455507 2.08844 0.0196813 0.0378404 -0.0384396 1 8301
-0.0151328 5 4 3 3452 0.430521 -0.520857 2.11414 0.0109353 0.0338039 -0.0354311 1 8306
0 0 4 7 3457 0.460428 -0.589983 2.20564 0.00896907 0.031972 -0.0324835 1 8319
0 0 3 11 3459 0.436441 -0.511324 2.21162 0.015816 0.0312576 -0.0306608 1 8325
0 0 4 18 3463 0.5795 -0.4925 2.37125 0.0157344 0.0287255 -0.0278616 1 8336
0 0 -15 21 3466 0.630947 -0.603596 2.2789 0.00943613 0.0273486 -0.0232961 1 8343
-0.0255982 9 14 23 3468 0.743991 -0.449158 1.99438 0.0225755 0.0257474 -0.0189781 1 8349
-0.017203 6 7 24 3471 0.6675 -0.463324 1.8109 0.015518 0.0284659 -0.014007 1 8355
-0.00945205 3 6 25 3475 0.494569 -0.445126 1.80497 0.0208771 0.0261348 -0.0095392 1 8363
-0.0133225 5 4 27 3479 0.551826 -0.526518 1.85442 0.0138955 0.0260987 -0.00767003 1 8370
-0.0142004 5 6 34 3487 0.734016 -0.581959 1.5953 0.0123838 0.0153219 -0.00815187 1 8378
-0.0200306 7 6 40 3493 0.822765 -0.50605 1.66579 0.0161006 0.0117623 -0.00906816 1 8384
-0.0223097 8 8 47 3498 0.838426 -0.53393 1.72376 0.0150023 0.00618223 -0.00847457 1 8390
-0.0235047 9 7 54 3505 0.723411 -0.466606 1.95103 0.0170743 0.00436611 -0.00943272 1 8396
-0.0209601 8 7 59 3512 0.728665 -0.489414 1.84998 0.0120199 0.00731075 -0.011795 1 8402
-0.007632 2 8 64 3520 0.477137 -0.515163 1.76655 0.0129344 0.00563074 -0.0127049 1 8408
0.00871353 -3 2 71 3528 0.25637 -0.507692 1.5241 0.0171289 0.00473934 -0.0127692 1 8414
0.0114364 -4 -10 76 3536 0.353201 -0.526619 1.27025 0.00276554 0.00421993 -0.017953 1 8420
0.00401287 -1 -41 79 3545 0.461549 -0.530386 1.36744 0.00456178 -0.00355437 -0.0201148 1 8426
0.00502258 -1 8 78 3551 0.430465 -0.516912 1.38034 0.00749993 -0.00354984 -0.0189951 1 8433
0.00723478 -2 3 74 3557 0.386778 -0.428963 1.36959 0.0167809 -0.00766038 -0.0184474 1 8439
0.00675 -2 7 68 3562 0.0889273 -0.384083 1.24658 0.0118861 -0.00403728 -0.0174345 1 8445
0.0212156 -8 10 61 3567 0.178263 -0.524237 1.16749 0.00494707 -0.00163911 -0.0167066 1 8451
0.0213481 -8 -4 52 3569 0.173279 -0.549517 1.16863 0.000261784 -0.004636 -0.0142185 1 8457
0.0236613 -9 -8 46 3574 0.16303 -0.46109 1.08898 0.00828838 -0.0026067 -0.0113574 1 8463
0.009 -3 -8 39 3577 -0.00539589 -0.425755 0.974756 0.0136065 0.00509682 -0.00933591 1 8470
0.0093 -3 1 33 3579 -0.024148 -0.436844 0.872919 0.0142759 0.00783579 -0.00561933 1 8476
0.0096 -3 1 26 3581 0.00453091 -0.483805 0.846485 0.0133692 0.0165872 -0.00301114 1 8484
0.035931 -13 1 25 3585 0.253284 -0.511211 0.479017 0.00489569 0.0165476 -0.0010682 1 8492
0.01035 -3 -7 22 3586 0.058938 -0.310614 0.56469 0.0177644 0.0272393 0.00352283 1 8498
0.01065 -4 -7 20 3588 -0.000973701 -0.381664 0.479727 0.017735 0.0258905 0.00640908 1 8504
0.01065 -4 -7 18 3588 -0.0977945 -0.32955 0.376499 0.0219615 0.0361212 0.00910079 1 8509
0.0108 -4 -1 17 3589 0.0763426 -0.512947 0.44783 0.0182288 0.0338617 0.0102174 1 8514
0.01095 -4 -7 14 3590 0.0380535 -0.445223 0.524227 0.0177689 0.0315811 0.0144581 1 8519
0.0111 -4 -3 11 3591 0.00941277 -0.358999 0.556267 0.022759 0.0319249 0.0162724 1 8524
0.0111 -4 -10 10 3591 0.0228777 -0.357414 0.342352 0.0202166 0.0356621 0.0187947 1 8529
0.01125 -4 -3 9 3592 -0.0144005 -0.399633 0.342581 0.0246148 0.0410467 0.0198351 1 8534
0.0425218 -16 -3 8 3593 0.106185 -0.459557 0.404945 0.0238296 0.0403397 0.0235776 1 8539
0.0417172 -16 -16 7 3593 0.15489 -0.478397 0.374123 0.0246068 0.0398883 0.025385 1 8544
0.0448375 -17 -15 6 3593 0.168535 -0.344128 0.23107 0.0286826 0.0422573 0.0255214 1 8549
0.04745 -18 -18 5 3593 0.102059 -0.399334 0.212303 0.0189462 0.0411729 0.0260691 1 8554
0.0114 -4 -20 3 3593 0.0462666 -0.429127 0.0452385 0.0163949 0.0421239 0.0230592 1 8559
0.0485546 -18 -2 2 3593 0.285712 -0.508205 -0.0701942 0.0134987 0.0387944 0.0193135 1 8564
0 0 -17 0 3593 0.323045 -0.353348 -0.194702 0.0225892 0.0368657 0.0120484 1 8574
0 0 1 0 3593 0.227143 -0.40727 -0.372858 0.0210702 0.0430325 0.00382262 1 8584
0 0 1 0 3593 0.337214 -0.420504 -0.283266 0.019932 0.0415588 0.00144179 1 8589
0 0 -2 0 3594 0.300135 -0.387667 -0.254339 0.0173274 0.0385806 0.00225352 1 8594
0 0 1 0 3594 0.236493 -0.313118 -0.367117 0.0224179 0.03986 0.00483961 1 8601
0 0 -1 0 3594 0.153345 -0.318401 -0.431297 0.0166337 0.0407306 0.00521232 1 8606
0.0489085 -18 -1 1 3594 0.375606 -0.45948 -0.200962 0.00941277 0.0385185 0.00938116 1 8615
0.0471912 -18 -17 1 3595 0.335305 -0.397943 -0.0797176 0.010083 0.0421123 0.00829071 1 8619
0.0486698 -18 -15 1 3595 0.308365 -0.354801 -0.104193 0.0184057 0.0414074 0.00929931 1 8625
0 0 -20 0 3594 0.175578 -0.443371 -0.140446 0.0170611 0.046371 0.011264 1 8631
0 0 -1 0 3595 0.262656 -0.460152 -0.169342 0.0155821 0.0435848 0.00796914 1 8636
0 0 0 0 3595 0.31077 -0.424809 -0.186075 0.00873494 0.0397658 0.00813404 1 8642
0 0 1 0 3595 0.214177 -0.341993 -0.119833 0.019518 0.0412966 0.00631213 1 8648
0 0 2 0 3595 0.19633 -0.31756 -0.0596962 0.0141355 0.0439177 0.0084274 1 8653
0 0 1 0 3595 0.19299 -0.44688 -0.195597 0.0153632 0.0425498 0.00485185 1 8661
0 0 0 0 3595 0.209858 -0.379025 -0.00712395 0.00594187 0.0407333 0.00553928 1 8666
0.01185 -4 1 0 3596 0.0864897 -0.280039 -0.0266685 0.0104183 0.043792 0.00439547 1 8677
0.01185 -4 -5 0 3596 0.0852251 -0.400265 -0.114658 0.00770986 0.0438139 0.00131387 1 8682
0 0 -4 0 3596 0.201937 -0.381306 -0.0693417 0.00411773 0.0392287 0.000455022 1 8691
0.01185 -4 1 1 3596 0.0616093 -0.294502 -0.167799 0.0140998 0.0401032 -0.00221217 1 8699
0 0 -5 0 3596 -0.100758 -0.343044 -0.134125 0.00988281 0.041765 -0.00382493 1 8707
0.012 -4 0 0 3597 0.0869818 -0.333775 -0.0972996 0.0021292 0.0397592 -0.00464799 1 8714
0.012 -4 -4 0 3597 0.0295029 -0.312181 -0.224586 0.00733459 0.0369142 -0.00642639 1 8721
0.012 -4 -3 0 3597 0.00660992 -0.275774 -0.119757 0.00638103 0.03768 -0.00808603 1 8728
0.012 -4 -4 0 3597 0.017643 -0.388035 -0.157534 0.00330007 0.0387521 -0.0108407 1 8739
0.012 -4 -4 0 3597 -0.0455256 -0.390549 -0.250614 0.00417829 0.0369842 -0.0109366 1 8744
0.012 -4 -3 0 3597 -0.0459652 -0.239988 -0.20665 0.00744486 0.0345389 -0.0134589 1 8754
0 0 -3 0 3597 -0.127115 -0.21187 -0.356041 0.00622654 0.0342787 -0.0129087 1 8760
0.012 -4 0 0 3597 -0.0428476 -0.346628 -0.228359 0.00218809 0.0345901 -0.012773 1 8771
0.0123 -4 -3 0 3599 -0.0130043 -0.3069 -0.107447 0.00450933 0.0358665 -0.0149951 1 8777
0 0 -3 0 3597 -0.10844 -0.217964 -0.315838 0.00392628 0.0323671 -0.0132048 1 8784
0 0 0 0 3599 -0.110222 -0.234182 -0.222286 0.00584424 0.0364773 -0.0152873 1 8789
0 0 0 0 3599 -0.149865 -0.300911 -0.153793 -5.84126e-06 0.0344341 -0.013461 1 8797
0.0123 -4 0 0 3599 -0.0533199 -0.310398 -0.236631 0.00338328 0.033295 -0.0170299 1 8802
0 0 -2 0 3599 -0.176497 -0.204872 -0.258629 0.00330079 0.0304331 -0.0146784 1 8807
0 0 0 0 3599 -0.123451 -0.153008 -0.203394 0.00551069 0.0314293 -0.0146966 1 8813
0 0 0 0 3597 -0.295827 -0.256054 -0.297598 0.00291133 0.0324407 -0.0155445 1 8821
0 0 0 0 3599 -0.205067 -0.272896 -0.267572 0.00514376 0.0319348 -0.0172473 1 8828
0 0 0 0 3599 -0.17658 -0.177443 -0.249825 0.00409818 0.0297992 -0.0146841 1 8837
0 0 0 0 3599 -0.326228 -0.125072 -0.36109 0.0065068 0.0313343 -0.0169323 1 8843
0 0 0 0 3599 -0.225689 -0.281532 -0.288599 0.00116849 0.0321336 -0.0143259 1 8848
0 0 0 0 3599 -0.16729 -0.268955 -0.269587 0.00304687 0.0274266 -0.01457 1 8857
0 0 0 0 3599 -0.21086 -0.173286 -0.270046 0.00655687 0.0315414 -0.0179293 1 8864
0 0 0 0 3599 -0.298611 -0.223194 -0.365685 0.00437748 0.0281743 -0.0134983 1 8869
0 0 0 0 3599 -0.214348 -0.304806 -0.248629 0.00363255 0.030309 -0.0180181 1 8876
0 0 0 0 3599 -0.173508 -0.242176 -0.356964 0.000397205 0.0234617 -0.014728 1 8882
0 0 0 0 3599 -0.183366 -0.109772 -0.282749 0.00570536 0.0258085 -0.0177434 1 8890
0 0 0 0 3599 -0.190085 -0.257763 -0.303864 0.00561953 0.0265015 -0.0174425 1 8899
0 0 0 0 3599 -0.106557 -0.291578 -0.264616 0.00202405 0.020823 -0.0138161 1 8908
0 0 0 0 3599 -0.167613 -0.190868 -0.482094 0.00419736 0.0213639 -0.0147309 1 8920
0 0 0 0 3599 -0.151484 -0.255062 -0.271061 0.00243115 0.025575 -0.0187685 1 8927
0 0 0 0 3599 -0.109402 -0.196152 -0.307756 0.00444424 0.0223311 -0.01889 1 8939
0 0 0 0 3599 -0.167886 -0.21279 -0.290699 0.00554681 0.0215413 -0.01594 1 8946
0 0 0 0 3599 -0.10954 -0.294662 -0.333864 5.85318e-05 0.0201309 -0.0158871 1 8956
0.0123 -4 0 0 3599 -0.0584736 -0.171669 -0.302677 0.00492513 0.02201 -0.0195018 1 8963
0 0 -5 0 3599 -0.158236 -0.203562 -0.32872 0.00525475 0.0207456 -0.015594 1 8971
0 0 0 0 3599 -0.146799 -0.304413 -0.387772 0.00263023 0.0242403 -0.0196402 1 8977
0.0123 -4 0 0 3599 -0.0757542 -0.306351 -0.291681 0.00116599 0.0183678 -0.0149435 1 8981
0.0123 -4 -4 0 3599 -0.0677004 -0.190987 -0.224003 0.00406718 0.021175 -0.0181393 1 8986
0 0 -4 0 3599 -0.16743 -0.135605 -0.392557 0.00315177 0.0195829 -0.0158423 1 8992
0 0 1 0 3599 -0.134286 -0.1842 -0.40736 0.00482965 0.0216796 -0.0166557 1 8996
0 0 0 0 3599 -0.174814 -0.260933 -0.283796 0.00267935 0.0239549 -0.0193871 1 9002
0.0123 -4 0 0 3599 -0.0737267 -0.251282 -0.23106 0.00223303 0.0190079 -0.0148035 1 9006
0.0123 -4 -3 0 3599 -0.0430031 -0.243967 -0.28089 0.00401449 0.021784 -0.0190243 1 9012
0 0 -5 0 3599 -0.119299 -0.192524 -0.301699 0.00287604 0.0176805 -0.0163035 1 9016
0 0 0 0 3599 -0.138802 -0.151978 -0.284111 0.00520742 0.022229 -0.0163933 1 9022
0 0 0 0 3599 -0.203447 -0.218946 -0.342554 0.00358844 0.0233179 -0.0179476 1 9027
0 0 0 0 3599 -0.138743 -0.27807 -0.307854 0.00159776 0.019592 -0.0147428 1 9032
0.0123 -4 0 0 3599 -0.0629864 -0.256931 -0.273176 0.00271106 0.0219897 -0.0204241 1 9036
0.012 -4 -3 0 3597 -0.0191031 -0.243591 -0.313477 0.00077951 0.0177023 -0.0155967 1 9042
0.0123 -4 -4 0 3599 -0.0683088 -0.172729 -0.252424 0.00627744 0.0206055 -0.0165685 1 9046
0 0 -3 0 3599 -0.215704 -0.209534 -0.314199 0.00240815 0.0212201 -0.016301 1 9053
0 0 0 0 3599 -0.111814 -0.262169 -0.296589 0.0039047 0.0210484 -0.0163083 1 9057
0 0 0 0 3599 -0.103883 -0.260523 -0.214453 -3.43323e-05 0.019432 -0.0165612 1 9064
0.012 -4 0 0 3597 -0.0702133 -0.219112 -0.194263 0.00224459 0.0155995 -0.0145396 1 9068
0 0 -4 0 3599 -0.121428 -0.163839 -0.347361 0.00579655 0.0201815 -0.0202068 1 9074
0 0 0 0 3599 -0.165212 -0.226837 -0.351915 0.00182533 0.0194565 -0.0158385 1 9079
0.0123 -4 0 0 3599 -0.0812731 -0.240238 -0.221174 0.00380099 0.0241563 -0.0182248 1 9085
0.0123 -4 -3 0 3599 -0.0772371 -0.274343 -0.228861 0.000953794 0.0206634 -0.0162175 1 9090
0.0123 -4 -4 0 3599 -0.0576153 -0.210121 -0.302679 0.00487423 0.0184831 -0.0159434 1 9095
0 0 -4 0 3599 -0.133558 -0.174673 -0.283651 0.00441885 0.0212091 -0.0200725 1 9099
0 0 0 0 3599 -0.192422 -0.173531 -0.304457 0.00352418 0.0190597 -0.0142862 1 9105
0 0 0 0 3599 -0.102308 -0.277834 -0.287178 0.004421 0.0241071 -0.019297 1 9109
0 0 0 0 3599 -0.138046 -0.285765 -0.266573 -0.000607729 0.0209974 -0.016355 1 9115
0.0123 -4 0 0 3599 -0.0244246 -0.185728 -0.253077 0.00360858 0.0202122 -0.0157718 1 9119
0.0123 -4 -3 0 3599 -0.0541677 -0.208307 -0.257795 0.00356746 0.0210081 -0.0189337 1 9125
0 0 -2 0 3599 -0.119622 -0.1649 -0.21151 0.00468957 0.0167716 -0.0147314 1 9129
0 0 0 0 3599 -0.155964 -0.233644 -0.299616 0.00295496 0.0242444 -0.0201878 1 9137
0 0 0 0 3599 -0.107664 -0.313654 -0.278963 -2.5034e-05 0.0188087 -0.0144815 1 9141
0.0123 -4 0 0 3599 -0.036005 -0.270124 -0.238916 0.00439823 0.020925 -0.0183491 1 9146
0 0 -4 0 3599 -0.132273 -0.200623 -0.280542 0.000747442 0.0181127 -0.0155002 1 9151
0 0 0 0 3599 -0.174762 -0.105757 -0.306915 0.00606084 0.0221341 -0.0163908 1 9156
0 0 0 0 3599 -0.131257 -0.259338 -0.313189 0.00208974 0.0247158 -0.0195249 1 9161
0 0 0 0 3599 -0.106022 -0.292034 -0.254614 0.00125825 0.0187887 -0.0147597 1 9166
0.0123 -4 0 0 3599 -0.0384827 -0.225025 -0.134884 0.00388265 0.0213609 -0.0198687 1 9171
0 0 -4 0 3599 -0.129427 -0.16563 -0.281202 0.00205588 0.0187079 -0.0157656 1 9176
0 0 0 0 3599 -0.135039 -0.173903 -0.22613 0.00653505 0.0222419 -0.0165529 1 9181
0 0 0 0 3599 -0.156922 -0.244007 -0.246157 0.000734568 0.0237453 -0.0165162 1 9187
0 0 0 0 3599 -0.11243 -0.248682 -0.255768 0.00030005 0.0194527 -0.0144956 1 9191
0.0123 -4 0 0 3599 -0.000598907 -0.263203 -0.235857 0.00350153 0.0217791 -0.0206578 1 9197
0.0123 -4 -5 0 3599 -0.0748787 -0.183872 -0.182968 0.00118029 0.0161056 -0.015031 1 9201
0 0 -3 0 3599 -0.134116 -0.141928 -0.16057 0.00658476 0.0229844 -0.0165765 1 9207
0 0 0 0 3599 -0.155536 -0.221735 -0.222605 0.00279415 0.0236479 -0.0174089 1 9211
0 0 0 0 3599 -0.115669 -0.273836 -0.228235 0.0041554 0.0239544 -0.0157565 1 9217
0.0123 -4 0 0 3599 -0.0534115 -0.304918 -0.194738 0.00157094 0.0222467 -0.0186689 1 9222
0 0 -3 0 3599 -0.109266 -0.203884 -0.24511 0.00207806 0.014768 -0.0135024 1 9227
0 0 0 0 3599 -0.107194 -0.153126 -0.204102 0.00618112 0.0223016 -0.0203097 1 9232
0 0 0 0 3599 -0.19442 -0.218596 -0.305965 0.000839829 0.0222975 -0.0162674 1 9237
0.0123 -4 0 0 3599 -0.0787048 -0.293011 -0.193802 0.00311315 0.0231458 -0.0150121 1 9242
0.0123 -4 -4 0 3599 -0.0639181 -0.259636 -0.144621 0.00174904 0.0221373 -0.0193393 1 9247
0.012 -4 -4 0 3597 -0.0854588 -0.179127 -0.242434 0.00254691 0.0163443 -0.0142601 1 9252
0 0 -3 0 3597 -0.164219 -0.174232 -0.266085 0.00682712 0.0246466 -0.0200684 1 9258
0 0 0 0 3599 -0.165121 -0.257847 -0.25065 0.000268102 0.0204035 -0.0150485 1 9262
0.0123 -4 0 0 3599 -0.0695133 -0.260899 -0.176308 0.00341368 0.0233171 -0.0169139 1 9267
0.0123 -4 -2 0 3599 -0.0594711 -0.218744 -0.242451 6.80685e-05 0.0224759 -0.0182753 1 9272
0.0123 -4 -3 0 3599 -0.0198345 -0.213833 -0.293148 0.00253379 0.0166238 -0.0143369 1 9277
0.012 -4 -4 0 3597 -0.0654783 -0.154587 -0.23605 0.00711393 0.0235506 -0.0193078 1 9282
0 0 -5 0 3599 -0.151123 -0.207344 -0.223024 0.00203049 0.0213357 -0.0155179 1 9287
0 0 0 0 3599 -0.168823 -0.281284 -0.269379 0.00384414 0.0237136 -0.0167877 1 9292
0.0123 -4 0 0 3599 -0.0573025 -0.316963 -0.144419 -0.000652671 0.0215233 -0.0169636 1 9297
0 0 -4 0 3599 -0.113737 -0.171124 -0.195572 0.00415063 0.0171158 -0.0143202 1 9302
0.0123 -4 0 0 3599 -0.0729399 -0.153038 -0.276814 0.00711823 0.0213054 -0.0199616 1 9307
0 0 -3 0 3599 -0.187345 -0.200727 -0.280745 0.000540853 0.0209571 -0.0157633 1 9312
0.0123 -4 0 0 3599 -0.0943832 -0.275345 -0.134451 0.00393116 0.0267517 -0.0197846 1 9318
0.012 -4 -1 0 3597 -0.0475407 -0.240107 -0.211119 0.000343084 0.0193266 -0.0147391 1 9323
0.0123 -4 -4 0 3599 -0.0848913 -0.190742 -0.205601 0.00542057 0.0209999 -0.01631 1 9328
0 0 -4 0 3599 -0.148364 -0.111485 -0.215136 0.00393105 0.0232487 -0.0196547 1 9333
0 0 0 0 3599 -0.178053 -0.234341 -0.264864 0.00248682 0.0195063 -0.0136221 1 9339
0 0 0 0 3599 -0.111292 -0.25902 -0.163881 0.00474727 0.026207 -0.0188562 1 9343
0.012 -4 0 0 3597 -0.0643368 -0.28784 -0.298744 -0.00124466 0.01702 -0.0134387 1 9349
0.0123 -4 -4 0 3599 0.00574398 -0.208672 -0.199903 0.0048542 0.0223993 -0.0199289 1 9355
0 0 -4 0 3599 -0.145293 -0.165844 -0.18709 0.00293934 0.0191289 -0.0142416 1 9360
0 0 0 0 3599 -0.165502 -0.201153 -0.226006 0.00590098 0.0243512 -0.0169127 1 9365
0 0 0 0 3599 -0.144768 -0.259457 -0.218754 0.00182557 0.0262454 -0.018904 1 9371
0.0123 -4 0 0 3599 -0.0914812 -0.323177 -0.219761 0.00118482 0.0185614 -0.0135046 1 9375
0.012 -4 -4 0 3597 -0.0388594 -0.225269 -0.10095 0.0041678 0.0214949 -0.0196604 1 9381
0 0 -4 0 3599 -0.131567 -0.160513 -0.25218 0.00148118 0.0176597 -0.0138668 1 9385
0 0 0 0 3599 -0.127721 -0.20731 -0.212885 0.00663161 0.0250694 -0.0202714 1 9391
0 0 0 0 3599 -0.125488 -0.266096 -0.124577 -0.000926018 0.0240054 -0.0157107 1 9396
0.0123 -4 0 0 3599 -0.0488892 -0.213968 -0.175962 0.00447083 0.0215873 -0.0147437 1 9402
0.0123 -4 -4 0 3599 -0.0921574 -0.19701 -0.216188 0.00338399 0.0216656 -0.0195679 1 9406
0 0 -3 0 3599 -0.194479 -0.185122 -0.255161 0.00242257 0.0179079 -0.0135587 1 9412
0 0 0 0 3599 -0.128695 -0.245394 -0.169012 0.00341463 0.0249241 -0.0203687 1 9417
0.0123 -4 0 0 3599 -0.0838804 -0.293255 -0.243307 -0.00187767 0.0186059 -0.013985 1 9423
0.0123 -4 -4 0 3599 -0.0535421 -0.180696 -0.100027 0.0056591 0.0235686 -0.0179981 1 9427
0 0 -4 0 3599 -0.119866 -0.143658 -0.188553 0.00177848 0.0219203 -0.0160981 1 9433
0 0 0 0 3599 -0.154171 -0.240391 -0.262638 0.00594997 0.022653 -0.0155227 1 9438
0.0123 -4 0 0 3599 -0.0878181 -0.30302 -0.196243 0.000331044 0.0244913 -0.0190841 1 9443
0 0 0 0 3599 -0.124837 -0.264526 -0.195555 -0.000811815 0.0177858 -0.0128639 1 9448
0.0123 -4 0 0 3599 -0.0896788 -0.20001 -0.08885 0.00545108 0.0222893 -0.019692 1 9454
0 0 -4 0 3599 -0.171645 -0.180771 -0.226828 0.00130773 0.0219831 -0.0159667 1 9458
0 0 0 0 3599 -0.102026 -0.266098 -0.16947 0.00478339 0.0273077 -0.0174353 1 9464
0 0 0 0 3599 -0.112447 -0.238205 -0.0686016 -0.00145376 0.0228596 -0.0160232 1 9469
0.0123 -4 0 0 3599 -0.0411282 -0.220943 -0.201523 0.00515079 0.0202134 -0.0152558 1 9474
0.0123 -4 -4 0 3599 -0.0942163 -0.135815 -0.231771 0.00509143 0.0221419 -0.0201302 1 9479
0 0 -4 0 3599 -0.234985 -0.18811 -0.231977 0.00176334 0.0195939 -0.0133664 1 9485
0 0 0 0 3599 -0.194444 -0.230761 -0.122787 0.00654924 0.0269066 -0.0180632 1 9489
0 0 0 0 3599 -0.131729 -0.296661 -0.170216 -0.00166941 0.0227792 -0.0155103 1 9494
0.0123 -4 0 0 3599 -0.0428019 -0.243238 -0.212717 0.00332987 0.0200358 -0.0149876 1 9499
0.0123 -4 -4 0 3599 -0.0483341 -0.180944 -0.12533 0.00391984 0.021803 -0.0199484 1 9504
0 0 -3 0 3599 -0.182964 -0.1325 -0.177118 0.00290704 0.0192463 -0.0128299 1 9509
0 0 0 0 3599 -0.131344 -0.225531 -0.130537 0.00738502 0.027507 -0.0184701 1 9514
0 0 0 0 3599 -0.169657 -0.323433 -0.173018 -0.00113952 0.0246708 -0.0169116 1 9519
0.0123 -4 0 0 3599 -0.0694256 -0.275513 -0.131603 0.00325644 0.0212596 -0.0154188 1 9524
0 0 -3 0 3599 -0.102024 -0.217823 -0.124226 0.00160098 0.0217598 -0.0177867 1 9529
0 0 0 0 3599 -0.16057 -0.17378 -0.292175 0.00272632 0.0173147 -0.0135024 1 9534
0 0 0 0 3599 -0.119787 -0.255239 -0.136602 0.00484598 0.0272749 -0.0193374 1 9539
0 0 0 0 3599 -0.136454 -0.256386 -0.118191 -0.000874758 0.0238394 -0.0150543 1 9544
0.0123 -4 0 0 3599 -0.0545254 -0.265533 -0.135607 0.00469923 0.0232667 -0.0156754 1 9549
0 0 -5 0 3599 -0.119143 -0.172777 -0.128965 0.00134075 0.0226102 -0.0172825 1 9554
0 0 0 0 3599 -0.145331 -0.177191 -0.259523 0.00332367 0.0179844 -0.0139121 1 9559
0 0 0 0 3599 -0.171001 -0.192421 -0.160566 0.00608897 0.026405 -0.0184586 1 9564
0 0 0 0 3599 -0.227777 -0.251245 -0.188509 -0.000802755 0.0225961 -0.0124564 1 9569
0.0123 -4 0 0 3599 -0.0764217 -0.263952 -0.176394 0.0045265 0.0265999 -0.0176699 1 9574
0.0123 -4 -4 0 3599 -0.025486 -0.207691 -0.142269 -0.000378966 0.0231178 -0.018478 1 9579
0 0 -3 0 3599 -0.135906 -0.159777 -0.11619 0.00605047 0.0206834 -0.0150971 1 9586
0 0 0 0 3599 -0.172085 -0.228207 -0.173702 0.00287998 0.0253659 -0.0190873 1 9591
0 0 0 0 3599 -0.163244 -0.303385 -0.159372 0.00456238 0.0255899 -0.0173503 1 9598
0.0123 -4 0 0 3599 -0.0755987 -0.275225 -0.0589962 -0.00078547 0.0243435 -0.0184461 1 9603
0.0123 -4 -3 0 3599 -0.0987139 -0.241402 -0.146826 0.00231051 0.0183461 -0.0130403 1 9608
0.0123 -4 -4 0 3599 -0.0925579 -0.172501 -0.136524 0.00569701 0.022522 -0.0189262 1 9613
0 0 -4 0 3599 -0.183846 -0.195644 -0.306723 0.0015223 0.0207409 -0.0140213 1 9618
0 0 0 0 3599 -0.118625 -0.235126 -0.191849 0.00587618 0.0265982 -0.0168205 1 9623
0 0 0 0 3599 -0.127344 -0.252537 -0.0545807 -0.00161028 0.0246696 -0.0158559 1 9628
0.0123 -4 0 0 3599 -0.0841885 -0.217945 -0.168879 0.00298703 0.0190551 -0.0139368 1 9633
0 0 -4 0 3599 -0.128484 -0.218044 -0.164049 0.00387299 0.0235282 -0.0191626 1 9639
0 0 0 0 3599 -0.219599 -0.179026 -0.235712 0.00210094 0.0222418 -0.0136085 1 9643
0 0 0 0 3599 -0.140081 -0.268494 -0.0994987 0.00356674 0.0257135 -0.0187351 1 9649
0 0 0 0 3599 -0.103385 -0.292641 -0.189543 -0.00170398 0.0228166 -0.015956 1 9654
0.0123 -4 0 0 3599 -0.0183868 -0.178946 -0.144728 0.00626779 0.0234986 -0.0166768 1 9659
0.0123 -4 -4 0 3599 -0.0546627 -0.136417 -0.106945 0.00249529 0.0227225 -0.0181962 1 9664
0 0 -4 0 3599 -0.1784 -0.204432 -0.227745 0.00454068 0.0217048 -0.0141106 1 9670
0 0 0 0 3599 -0.113379 -0.263325 -0.164936 0.00177836 0.0272694 -0.0186809 1 9675
0 0 0 0 3599 -0.129495 -0.239138 -0.146259 0.000975132 0.0180475 -0.0124226 1 9681
0 0 0 0 3599 -0.135244 -0.158611 -0.111431 0.00539482 0.0247698 -0.017262 1 9686
0 0 0 0 3597 -0.203439 -0.212259 -0.208038 0.000766158 0.0216335 -0.014998 1 9691
0 0 0 0 3599 -0.119248 -0.284834 -0.191652 0.0044899 0.024368 -0.0168439 1 9696
0.0123 -4 0 0 3599 -0.061677 -0.298552 -0.0939026 0.00138593 0.0257494 -0.0181648 1 9700
0.0123 -4 -5 0 3599 -0.0845871 -0.227615 -0.160082 0.000800014 0.0191284 -0.0132548 1 9705
0 0 -3 0 3599 -0.125189 -0.156324 -0.130409 0.00703263 0.0251451 -0.0174989 1 9710
0 0 0 0 3599 -0.211428 -0.204323 -0.225185 0.000823021 0.0237116 -0.0156293 1 9715
0 0 0 0 3599 -0.149463 -0.274227 -0.211823 0.00376236 0.0229493 -0.0149655 1 9720
0.0123 -4 0 0 3599 -0.0174551 -0.257633 -0.109837 0.000532746 0.0235088 -0.0187341 1 9725
0 0 -5 0 3599 -0.144425 -0.167387 -0.170183 0.00284147 0.0195344 -0.0128947 1 9730
0.0123 -4 0 0 3599 -0.0554934 -0.140713 -0.0944233 0.00593281 0.0248446 -0.0165908 1 9735
0 0 -4 0 3599 -0.153618 -0.262217 -0.237659 0.002038 0.0242332 -0.0154181 1 9740
0.0123 -4 0 0 3599 -0.0880671 -0.318869 -0.167282 0.00422013 0.0225803 -0.01687 1 9745
0.0123 -4 -3 0 3599 -0.0698128 -0.246092 -0.0498161 3.82662e-05 0.0227446 -0.0170675 1 9750
0 0 -4 0 3599 -0.111073 -0.171597 -0.219267 0.00381982 0.0192271 -0.0125626 1 9755
0 0 0 0 3599 -0.100832 -0.187716 -0.223997 0.00529313 0.0251202 -0.0181011 1 9760
0 0 0 0 3599 -0.151429 -0.24839 -0.163729 -0.000780821 0.022212 -0.0155958 1 9765
0.0123 -4 0 0 3599 -0.045331 -0.261284 -0.0629635 0.00442469 0.0247151 -0.0167275 1 9770
0.0123 -4 -3 0 3599 -0.0572872 -0.228981 -0.0974503 0.000407696 0.0202154 -0.0162404 1 9775
0 0 -3 0 3597 -0.113296 -0.197739 -0.248035 0.0053463 0.0187068 -0.0143817 1 9780
0 0 0 0 3599 -0.133925 -0.239304 -0.130236 0.00222623 0.0254624 -0.0175648 1 9786
0 0 0 0 3599 -0.160835 -0.253294 -0.197042 0.00109911 0.0216605 -0.013661 1 9791
0.0123 -4 0 0 3599 0.0146837 -0.234642 -0.166916 0.00259972 0.0232191 -0.0179263 1 9797
0 0 -3 0 3599 -0.130751 -0.173483 -0.168041 0.00480413 0.0187738 -0.0131743 1 9804
0.0123 -4 0 0 3599 -0.0866604 -0.201502 -0.0872536 0.00415576 0.0244074 -0.0178678 1 9809
0 0 -3 0 3599 -0.12511 -0.264154 -0.201399 -1.89543e-05 0.0227672 -0.0151882 1 9814
0.0123 -4 0 0 3599 -0.0329237 -0.324661 -0.107931 0.00442731 0.0207395 -0.0161647 1 9819
0.0123 -4 -4 0 3599 -0.0393391 -0.193748 -0.163374 0.00145018 0.0189879 -0.0169085 1 9824
0 0 -4 0 3599 -0.103344 -0.202152 -0.198544 0.00650704 0.0214173 -0.0174994 1 9830
0.0123 -4 0 0 3599 -0.0226898 -0.31076 -0.0477219 0.000814915 0.0235683 -0.0174215 1 9835
0.0123 -4 -4 0 3599 -0.0446062 -0.23328 -0.18539 0.00371373 0.0170922 -0.0151561 1 9841
0.0123 -4 -5 0 3599 -0.0444393 -0.191624 -0.180704 0.0047065 0.0226063 -0.0166738 1 9846
0 0 -4 0 3599 -0.191212 -0.261818 -0.193478 0.00291216 0.0210929 -0.0131771 1 9852
0.0123 -4 0 0 3599 -0.0507727 -0.27578 -0.0883255 0.0016942 0.0227793 -0.0169819 1 9857
0.0123 -4 -3 0 3599 -0.0391331 -0.226435 -0.172583 -0.00109434 0.0196373 -0.0149559 1 9862
0.0123 -4 -3 0 3599 -0.00367737 -0.1675 -0.15863 0.00698924 0.0186985 -0.0153046 1 9868
0 0 -3 0 3599 -0.116753 -0.174644 -0.0825882 0.00197625 0.0213369 -0.0162694 1 9873
0 0 0 0 3599 -0.15534 -0.270111 -0.228224 0.00212789 0.0208643 -0.0148286 1 9877
0.0123 -4 0 0 3599 -0.0313129 -0.291697 -0.0920525 0.00132489 0.0243394 -0.0166567 1 9883
0.0123 -4 -5 0 3599 -0.0498638 -0.270689 -0.113615 0.000411034 0.0182287 -0.0145052 1 9888
0.0123 -4 -3 0 3599 -0.0668154 -0.207504 -0.0824032 0.0059166 0.0186923 -0.0165735 1 9893
0.0123 -4 -3 0 3599 -0.0755138 -0.131601 -0.214382 0.00216162 0.0200388 -0.0175626 1 9898
0.0123 -4 -3 0 3599 -0.0602989 -0.300726 -0.221411 0.00221503 0.0206621 -0.0156849 1 9903
0.0123 -4 -3 0 3599 0.0474148 -0.27527 -0.0196896 0.0013411 0.0216948 -0.016692 1 9907
0.0123 -4 -4 0 3599 -0.0468721 -0.223131 -0.0494976 0.000568151 0.0185598 -0.0146197 1 9913
0.0123 -4 -3 0 3599 -0.0581789 -0.152184 -0.128401 0.00612235 0.0207604 -0.0171556 1 9917
0.0123 -4 -3 0 3599 -0.0880222 -0.238007 -0.110853 0.00178456 0.0196001 -0.0162475 1 9923
0 0 -3 0 3599 -0.126766 -0.274296 -0.171944 0.00319266 0.018648 -0.0158205 1 9928
0.0123 -4 0 0 3599 0.0107765 -0.246071 -0.0906982 -0.000582457 0.021314 -0.0164201 1 9932
0.0123 -4 -4 0 3599 -0.00749969 -0.214396 -0.16037 0.00156319 0.0184123 -0.0143782 1 9937
0.0123 -4 -3 0 3599 0.00392818 -0.186243 -0.0887623 0.00599635 0.0203053 -0.0155658 1 9942
0 0 -4 0 3599 -0.102557 -0.202133 -0.108431 0.00155592 0.019444 -0.0161438 1 9948
0.0123 -4 0 0 3599 -0.0586691 -0.263292 -0.201511 0.00320995 0.0196631 -0.016606 1 9953
0.0123 -4 -3 0 3599 0.0146093 -0.319946 -0.0636349 1.27554e-05 0.0197171 -0.0169373 1 9958
0.0123 -4 -3 0 3599 -0.0547695 -0.24419 -0.0826721 0.00143147 0.0171274 -0.0135199 1 9963
0.0123 -4 -3 0 3599 -0.053154 -0.141983 -0.0845184 0.0049367 0.0206666 -0.0155612 1 9968
0.0123 -4 -4 0 3599 -0.0763626 -0.185387 -0.239315 0.00200832 0.0198113 -0.016431 1 9972
0.0123 -4 -5 0 3599 -0.0710726 -0.28985 -0.15732 0.00380778 0.0201188 -0.0167967 1 9978
0.0123 -4 -3 0 3599 0.039382 -0.302382 -0.0441399 -8.59499e-05 0.0197466 -0.0164053 1 9983
0.0123 -4 -3 0 3599 -0.0239029 -0.238672 -0.15794 0.00101209 0.0182647 -0.0143842 1 9987
0.0123 -4 -5 0 3599 0.01929 -0.185638 -0.118851 0.00456834 0.0193781 -0.015629 1 9992
0 0 -4 0 3599 -0.116224 -0.232693 -0.1467 0.00170422 0.0200799 -0.0161765 1 9997
0.0123 -4 0 0 3599 -0.0847902 -0.265678 -0.0704823 0.00291157 0.0207514 -0.0153615 1 10003
0.0123 -4 -4 0 3599 0.0372162 -0.285988 -0.123911 -0.000955462 0.0198213 -0.0161268 1 10007
0.0123 -4 -4 0 3599 0.00579071 -0.203072 -0.11688 0.00362182 0.0153343 -0.0163167 1 10013
0.0123 -4 -4 0 3599 -0.0559149 -0.161613 -0.0461426 0.00334001 0.0209576 -0.0158834 1 10018
0.0123 -4 -4 0 3599 -0.0884209 -0.299091 -0.180048 0.000908136 0.0209177 -0.0151236 1 10023
0.0123 -4 -4 0 3599 -0.0105114 -0.315653 -0.0323696 0.00303364 0.0209687 -0.0151928 1 10028
0.0123 -4 -4 0 3599 -0.0222588 -0.224098 -0.084425 0.00107288 0.0182129 -0.0147406 1 10034
0.0123 -4 -4 0 3599 -0.00830746 -0.187775 -0.131386 0.00559258 0.016882 -0.0160534 1 10039
0.0123 -4 -3 0 3599 -0.0520906 -0.264727 -0.0722046 0.00105858 0.0202639 -0.0170958 1 10044
0.0123 -4 -4 0 3599 -0.00314903 -0.283493 -0.116081 0.00158119 0.0184273 -0.0155997 1 10050
0.0123 -4 -4 0 3599 0.0639362 -0.283287 -0.0456982 0.00117993 0.0190339 -0.0154065 1 10055
0.0123 -4 -3 0 3599 -0.0480661 -0.20701 -0.1075 0.00251305 0.017723 -0.0156472 1 10060
0.0123 -4 -3 0 3599 -0.0319862 -0.209776 -0.079401 0.00512588 0.0215606 -0.0146851 1 10065
0.0123 -4 -4 0 3599 -0.0389233 -0.276426 -0.0727844 -0.000407219 0.0202803 -0.0163451 1 10069
0.0123 -4 -4 0 3599 0.0319405 -0.225479 -0.0843563 0.00217211 0.0169476 -0.0159904 1 10075
0.0123 -4 -4 0 3599 0.035078 -0.19701 0.00524139 0.00293803 0.0169875 -0.0160612 1 10081
0.0123 -4 -4 0 3599 -0.0581789 -0.195732 -0.0816612 0.003793 0.0173643 -0.0165444 1 10086
0.0123 -4 -4 0 3599 -0.0166969 -0.256029 -0.0610828 0.00195658 0.0215612 -0.0164328 1 10091
0.0123 -4 -4 0 3599 -0.0211592 -0.276091 -0.0650158 0.000232458 0.0174621 -0.0151939 1 10097
0.0123 -4 -4 0 3599 0.0420609 -0.185061 -0.0502396 0.00329113 0.0184499 -0.0145703 1 10102
0.0123 -4 -4 0 3599 -0.0279083 -0.201834 -0.206966 0.00241315 0.0196763 -0.0169893 1 10108
0.0123 -4 0 0 3599 -0.015337 -0.265669 -0.120462 0.00326824 0.0192278 -0.0163791 1 10112
0.0123 -4 -2 0 3599 0.06563 -0.235212 -0.0245838 0.000371814 0.0178092 -0.0162333 1 10119
0.0123 -4 -4 0 3599 0.021595 -0.222267 -0.126986 0.0036906 0.0152952 -0.0159953 1 10123
0.0123 -4 -2 0 3599 -0.0606899 -0.210625 -0.0861225 0.00296152 0.02034 -0.015667 1 10129
0.0123 -4 -3 0 3599 -0.0686216 -0.295527 -0.136286 0.000486374 0.0191617 -0.0153339 1 10135
0.0123 -4 -3 0 3599 0.0646563 -0.231867 -0.0716324 0.000302315 0.0181782 -0.0154655 1 10140
0.012 -4 -3 0 3597 0.0330572 -0.194592 -0.0944576 0.00208175 0.0173553 -0.0153884 1 10146
0.0123 -4 -3 0 3599 0.0101671 -0.238749 -0.0073452 0.00405419 0.0195706 -0.0155832 1 10152
0.0123 -4 -3 0 3599 -0.0706739 -0.312979 -0.0874958 0.000802875 0.0208618 -0.016957 1 10157
0.0123 -4 -3 0 3599 0.0760584 -0.249233 0.0338078 0.00216997 0.0179787 -0.0144134 1 10162
0.0123 -4 -3 0 3599 -0.00698185 -0.169485 -0.0619659 0.00255811 0.0180171 -0.0165697 1 10167
0.0123 -4 -3 0 3599 -0.031498 -0.244177 -0.244032 0.00254726 0.0168269 -0.0161944 1 10173
0.0123 -4 -4 0 3599 0.0566311 -0.310926 -0.00886536 0.00120163 0.0185605 -0.0153021 1 10177
0.0123 -4 -4 0 3599 0.0111504 -0.239002 -0.112843 0.00216937 0.0172739 -0.0155876 1 10184
0.0123 -4 -4 0 3599 -0.0143528 -0.190332 -0.0836849 0.00523782 0.0178575 -0.0151817 1 10188
0 0 -4 0 3599 -0.126358 -0.233513 -0.0964622 0.00191641 0.0212083 -0.0164277 1 10193
0.012 -4 0 0 3597 -0.00643158 -0.264729 -0.0742817 0.00137305 0.0202524 -0.0150467 1 10198
0.0123 -4 -3 0 3599 0.0897312 -0.252197 -0.0820618 -0.000754356 0.0177836 -0.0158478 1 10204
0.0123 -4 -4 0 3599 0.00579548 -0.19529 -0.123131 0.00240636 0.0142955 -0.0157849 1 10208
0.0123 -4 -4 0 3599 -0.0444946 -0.17647 0.0298271 0.00383675 0.0194007 -0.0150649 1 10214
0.0123 -4 -4 0 3599 -0.0665503 -0.263649 -0.0957069 0.00140929 0.0214084 -0.0163651 1 10218
0.0123 -4 -4 0 3599 0.0237932 -0.317207 -0.0597019 0.00272071 0.0195975 -0.0145205 1 10224
0.0123 -4 -3 0 3599 0.0437469 -0.258101 0.0415154 0.00125158 0.0159748 -0.0161208 1 10228
0.0123 -4 -4 0 3599 -0.00531483 -0.18578 -0.159174 0.00383425 0.0162881 -0.015792 1 10234
0.0123 -4 -3 0 3599 -0.00208759 -0.278511 -0.0645676 0.00121343 0.0200777 -0.016564 1 10239
0.0123 -4 -5 0 3599 0.0117493 -0.272123 -0.0220642 -0.000163674 0.0167832 -0.0157044 1 10245
0.0123 -4 -4 0 3599 0.000331879 -0.189722 -0.0138798 0.00342774 0.0181809 -0.014761 1 10249
0 0 -4 0 3599 -0.104585 -0.238577 -0.0717258 0.00220966 0.0193724 -0.0168125 1 10255
0.0123 -4 0 0 3599 -0.0093298 -0.270092 -0.00682068 0.00180101 0.0194981 -0.0147149 1 10260
0.0123 -4 -4 0 3599 0.0673656 -0.239178 -0.0670185 0.000366569 0.0178618 -0.0170309 1 10266
0.0123 -4 -4 0 3599 -0.0263128 -0.207859 -0.0578995 0.00377536 0.0177672 -0.0150572 1 10271
0.0123 -4 -5 0 3599 -0.0574436 -0.203634 -0.0541286 0.00303221 0.0201573 -0.0164408 1 10276
0.0123 -4 -3 0 3599 -0.0202618 -0.317997 -0.18273 -0.000461221 0.0185744 -0.0157197 1 10281
0.0123 -4 -2 0 3599 0.00786018 -0.18816 0.0312328 0.00274956 0.0162285 -0.0151615 1 10288
0.0123 -4 -3 0 3599 -0.0530787 -0.259193 -0.22805 0.00203311 0.0187185 -0.0162413 1 10293
0.0123 -4 -4 0 3599 0.0105658 -0.299061 0.0347519 0.00267804 0.0197669 -0.0147713 1 10299
0.0123 -4 -5 0 3599 0.0379944 -0.251135 0.000453949 0.000625968 0.0180096 -0.0167739 1 10303
0.0123 -4 -4 0 3599 -0.0157051 -0.165741 -0.061327 0.00415003 0.01817 -0.0143076 1 10308
0.0123 -4 -4 0 3599 -0.0387077 -0.257401 -0.079565 0.00235844 0.0206786 -0.016029 1 10313
0.0123 -4 -4 0 3599 0.00546741 -0.285025 -0.0941372 -0.00106359 0.0187167 -0.0157832 1 10319
0.0123 -4 -3 0 3599 0.0466833 -0.225096 -0.0331936 0.00164855 0.0170388 -0.0147893 1 10324
0.0123 -4 -4 0 3599 -0.0177822 -0.208599 -0.0794239 0.00321507 0.016574 -0.0160647 1 10330
0.0123 -4 -4 0 3599 -0.0641136 -0.200521 -0.0476837 0.00457251 0.0189143 -0.0147112 1 10334
0.0123 -4 -4 0 3599 0.000794411 -0.302954 -0.0625057 0.000139236 0.0209347 -0.0174242 1 10340
0.0123 -4 -4 0 3599 4.19617e-05 -0.288931 -0.0314808 0.00033772 0.0166146 -0.0150608 1 10345
0.0123 -4 -3 0 3599 -0.0336657 -0.177395 -0.149082 0.00385404 0.017792 -0.0177205 1 10351
0.0123 -4 -4 0 3599 -0.0741587 -0.221203 -0.124294 0.00158143 0.019766 -0.0158087 1 10356
0.0123 -4 -4 0 3599 0.0294018 -0.267349 0.0493069 0.00223958 0.0184517 -0.0154143 1 10362
0.0123 -4 -4 0 3599 0.0566912 -0.251335 -0.0408459 0.00158978 0.0161127 -0.0175457 1 10366
0.0123 -4 -4 0 3599 -0.043541 -0.217289 -0.0311317 0.00454354 0.018434 -0.0146718 1 10372
0.0123 -4 -3 0 3599 -0.0522938 -0.282707 -0.0217667 0.00145328 0.0202206 -0.0176891 1 10377
0.0123 -4 -5 0 3599 0.0381327 -0.27792 -0.069273 -0.000239253 0.0171954 -0.0143483 1 10383
0.0123 -4 -3 0 3599 0.0658808 -0.163202 -0.0738983 0.00404239 0.0178435 -0.0162311 1 10388
0.0123 -4 -3 0 3599 -0.08251 -0.209482 -0.0392609 0.00281692 0.0194035 -0.0149653 1 10393
0.0123 -4 -4 0 3599 -0.00613689 -0.303154 -0.0336742 0.00223005 0.0192402 -0.0151802 1 10398
0.0123 -4 -4 0 3599 0.00714111 -0.277092 -0.0512962 0.000765681 0.0164735 -0.0154564 1 10404
0.0123 -4 -4 0 3599 -0.0504742 -0.116137 -0.0620003 0.00438404 0.0183497 -0.0146028 1 10409
0.0123 -4 -4 0 3599 -0.0258465 -0.24897 -0.065731 0.0016849 0.0191331 -0.0192597 1 10414
0.0123 -4 -4 0 3599 0.0185518 -0.28064 0.0220947 0.000365973 0.0190538 -0.0140066 1 10419
0.0123 -4 -4 0 3599 0.0543652 -0.20998 -0.0463181 0.00336838 0.0184295 -0.015897 1 10424
0.0123 -4 -4 0 3599 -0.0921879 -0.226688 -0.138622 0.00272274 0.0189943 -0.0159979 1 10429
0.0123 -4 -4 0 3599 -0.0623217 -0.249138 0.0406322 0.0022043 0.0209352 -0.0147448 1 10434
0.0123 -4 -4 0 3599 -0.0111685 -0.26705 -0.0504513 0.000204444 0.0186566 -0.0186827 1 10439
0.0123 -4 -5 0 3599 0.0323544 -0.119862 -0.0146732 0.00477397 0.0158849 -0.0130461 1 10445
0.0123 -4 -4 0 3599 -0.0405912 -0.2661 -0.103003 0.00342357 0.0204202 -0.0190911 1 10451
0.0123 -4 -4 0 3599 -0.00261974 -0.316673 -0.0796146 0.000469327 0.018131 -0.0147239 1 10455
0.0123 -4 -4 0 3599 0.0522041 -0.320667 0.0207825 0.00138867 0.0184558 -0.0149353 1 10460
0.0123 -4 -5 0 3599 -0.0411129 -0.211239 -0.0402851 0.0019654 0.016521 -0.0165131 1 10464
0.0123 -4 -4 0 3599 -0.0361223 -0.19223 -0.154501 0.00266445 0.0151597 -0.0140566 1 10469
0.0123 -4 -4 0 3599 -0.0310097 -0.286781 -0.0790901 0.00239301 0.0206869 -0.01836 1 10474
0.0123 -4 -4 0 3599 -0.0360594 -0.312309 -0.038805 -0.000198841 0.021215 -0.0160739 1 10478
0.0123 -4 -3 0 3599 0.043869 -0.260452 -0.0171413 0.00180769 0.0161515 -0.0133993 1 10482
0.0123 -4 -4 0 3599 0.0389814 -0.184898 -0.0253162 0.00368881 0.0183339 -0.0166894 1 10486
0.0123 -4 -4 0 3599 -0.0884943 -0.199436 -0.113791 0.00317049 0.0195637 -0.0154834 1 10491
0.0123 -4 -4 0 3599 -0.0651321 -0.245392 -0.0343971 0.00319052 0.0192904 -0.0146674 1 10496
0.0123 -4 -3 0 3599 -0.00916958 -0.304333 -0.0165443 0.00128281 0.0197127 -0.0189379 1 10500
0.0123 -4 -5 0 3599 0.0148306 -0.26148 -0.073288 -0.000676751 0.0166471 -0.0146195 1 10505
0.0123 -4 -3 0 3599 0.0723495 -0.216986 -0.034483 0.00377584 0.0167369 -0.0150342 1 10509
0.0123 -4 -3 0 3599 -0.0321999 -0.209352 -0.0285854 0.0024935 0.0183902 -0.0174413 1 10513
0 0 -3 0 3599 -0.100536 -0.242382 -0.110308 0.00267887 0.0176991 -0.0140373 1 10517
0.0123 -4 0 0 3599 -0.0476398 -0.295021 -0.0785961 0.00383258 0.0231068 -0.0164763 1 10521
0.0123 -4 -3 0 3599 -0.00487137 -0.291004 -0.0160408 -0.000349998 0.0187853 -0.0179084 1 10526
0.0123 -4 -3 0 3599 0.0083065 -0.232731 0.0465031 -0.00102532 0.0144092 -0.0136267 1 10529
0.0123 -4 -3 0 3599 -0.0311804 -0.193989 -0.0264816 0.00474751 0.0182765 -0.0162653 1 10534
0.0123 -4 -4 0 3599 -0.0700254 -0.245636 -0.153223 0.00295413 0.0192759 -0.0189479 1 10537
0.0123 -4 -3 0 3599 -0.0275593 -0.264437 -0.0299683 -8.67844e-05 0.0181734 -0.0139677 1 10541
0.0123 -4 -3 0 3599 0.0325012 -0.242329 0.0714684 0.00258768 0.0192749 -0.0158383 1 10545
0.0123 -4 -3 0 3599 -0.0227966 -0.228178 0.0117874 0.00176215 0.0178187 -0.0188755 1 10550
0.0123 -4 -3 0 3599 -0.0953465 -0.127132 -0.122019 0.00258446 0.0161881 -0.0131614 1 10554
0.0123 -4 -3 0 3599 -0.0839195 -0.211941 -0.0187168 0.00500965 0.0214885 -0.0169154 1 10559
0.0123 -4 -3 0 3599 -0.0767622 -0.30567 -0.0461998 -0.000431299 0.0205745 -0.0178379 1 10562
0.0123 -4 -4 0 3599 -0.0109787 -0.303188 -0.0840168 -0.000973582 0.0156593 -0.0133985 1 10566
0.0123 -4 -3 0 3599 0.0436831 -0.216187 -0.06744 0.00315094 0.0181487 -0.0185997 1 10571
0.0123 -4 -3 0 3599 -0.0220022 -0.18058 -0.0619907 0.0019598 0.0186516 -0.0165548 1 10575
0.0123 -4 -5 0 3599 -0.0730867 -0.222984 -0.122934 0.00258529 0.0178768 -0.0139423 1 10579
0.0123 -4 -2 0 3599 -0.0236759 -0.274103 -0.085886 0.00372732 0.0224047 -0.0180076 1 10583
0.0123 -4 -4 0 3599 -0.0325003 -0.290319 0.0117016 -0.00123954 0.0191712 -0.0174475 1 10587
0.0123 -4 -4 0 3599 -0.0174294 -0.234732 -0.0202751 0.00037694 0.0130194 -0.0126022 1 10591
0.0123 -4 -4 0 3599 -0.0263729 -0.19537 -0.128172 0.00507224 0.0193904 -0.0176047 1 10595
0.0123 -4 -4 0 3599 -0.0986071 -0.24507 -0.140059 0.000727892 0.0215211 -0.017939 1 10600
0.0123 -4 -4 0 3599 0.0187979 -0.28998 -0.0169334 0.0010097 0.0162746 -0.0136669 1 10604
0.0123 -4 -4 0 3599 0.0334663 -0.223711 0.00382233 0.00398874 0.0190168 -0.0188304 1 10609
0 0 -3 0 3599 -0.102381 -0.180376 -0.151047 0.00133348 0.017537 -0.0150996 1 10613
0 0 0 0 3599 -0.119396 -0.227121 -0.0879269 0.00245631 0.0198858 -0.0136395 1 10618
0.0123 -4 0 0 3599 -0.0168514 -0.262012 -0.0818176 0.00118411 0.0199877 -0.0201144 1 10622
0.0123 -4 -4 0 3599 -0.0161896 -0.226595 -0.0961056 -0.0016036 0.0149852 -0.0139662 1 10626
0.0123 -4 -3 0 3599 0.00206184 -0.196569 -0.0547867 0.00404656 0.0173997 -0.0150516 1 10630
0.0123 -4 -3 0 3599 -0.0672789 -0.237829 -0.0413837 0.00482845 0.0191331 -0.0204584 1 10634
0 0 -3 0 3599 -0.118014 -0.268234 -0.154062 0.000864267 0.0186209 -0.0150031 1 10638
0.0123 -4 0 0 3599 -0.0508709 -0.285889 -0.127388 0.00353611 0.0208172 -0.0144701 1 10642
0.0123 -4 -3 0 3599 0.0107775 -0.273472 0.06394 0.00168526 0.0178053 -0.0196825 1 10647
0.0123 -4 -4 0 3599 -0.0661488 -0.173 -0.131184 0.000280738 0.0145487 -0.0132587 1 10651
0.0123 -4 -4 0 3599 -0.0528088 -0.246098 -0.130058 0.00525355 0.0206578 -0.0184037 1 10656
0.0123 -4 -4 0 3599 -0.0638685 -0.275705 -0.048048 -0.000940323 0.0221439 -0.0182415 1 10661
0.0123 -4 -4 0 3599 -0.012866 -0.231812 -0.0194416 -0.000991225 0.01426 -0.0128774 1 10664
0.0123 -4 -3 0 3599 -0.01686 -0.182554 -0.0295982 0.00607967 0.018095 -0.017298 1 10669
0 0 -3 0 3599 -0.155443 -0.200733 -0.0820293 -3.05176e-05 0.0202375 -0.0165322 1 10674
0.0123 -4 0 0 3599 -0.0577564 -0.256714 -0.122971 0.00102222 0.0181937 -0.013886 1 10679
0.0123 -4 -4 0 3599 0.0228176 -0.292646 -0.049799 0.0012815 0.0184387 -0.020528 1 10684
0.0123 -4 -4 0 3599 -0.0186462 -0.204273 -0.11014 0.000409365 0.0122948 -0.0131652 1 10689
0.0123 -4 -4 0 3599 -0.0538683 -0.178087 -0.00385475 0.00734115 0.0208091 -0.0178733 1 10694
0 0 -3 0 3599 -0.106352 -0.332497 -0.0923157 -0.00183821 0.0186382 -0.0150211 1 10699
0.0123 -4 0 0 3599 -9.53674e-07 -0.270765 -0.0391312 0.00243795 0.0178398 -0.0138427 1 10704
0.0123 -4 -3 0 3599 -0.0221376 -0.225052 -0.0306091 0.00226355 0.0166244 -0.0199455 1 10709
0.0123 -4 -4 0 3599 -0.096962 -0.192619 -0.160673 -6.03199e-05 0.0142578 -0.0140523 1 10714
0.0123 -4 -4 0 3599 0.00632858 -0.286531 -0.00716019 0.00312805 0.0206494 -0.0195737 1 10719
0.0123 -4 -1 0 3599 -0.0196323 -0.210045 -0.077364 -0.000596285 0.0170165 -0.0141764 1 10724
0.0123 -4 -3 0 3599 -0.0515308 -0.19449 -0.0633183 0.00685918 0.020718 -0.0185141 1 10731
0 0 -4 0 3599 -0.109944 -0.264524 -0.0956364 -0.00117779 0.0199739 -0.0154304 1 10736
0.0123 -4 0 0 3599 0.0116463 -0.294788 -0.00429726 0.00230789 0.0179032 -0.0152677 1 10741
0.0123 -4 -4 0 3599 0.00102234 -0.196415 -0.0637474 0.00132096 0.0178718 -0.01971 1 10746
0.0123 -4 -4 0 3599 -0.0423126 -0.1635 -0.121901 0.0013715 0.0137422 -0.0122985 1 10751
0.0123 -4 -4 0 3599 -0.0386553 -0.262365 -0.109451 0.00607169 0.0229381 -0.0195165 1 10756
0.0123 -4 -4 0 3599 -0.0316477 -0.334534 -0.0434113 -0.0020752 0.0174863 -0.0140562 1 10760
0.0123 -4 -4 0 3599 -0.054883 -0.183876 -0.0197296 0.00538421 0.0178234 -0.0152074 1 10766
0.0123 -4 -4 0 3599 -0.0801754 -0.193485 -0.120781 0.000851274 0.020192 -0.0189671 1 10771
0.0123 -4 -3 0 3599 -0.0436192 -0.241135 -0.137144 0.00108874 0.0165376 -0.0136049 1 10776
0.0123 -4 -4 0 3599 0.0605125 -0.305195 0.0125637 0.00316823 0.0194612 -0.0193277 1 10780
0.0123 -4 -4 0 3599 -0.0684681 -0.196985 -0.142464 0.000677466 0.0147643 -0.0134028 1 10786
0 0 -3 0 3599 -0.119972 -0.181568 -0.05229 0.00600648 0.0217347 -0.0164283 1 10791
0.0123 -4 0 0 3599 -0.0772171 -0.261955 -0.123245 -0.00159848 0.0212428 -0.0172415 1 10796
0.0123 -4 -4 0 3599 -0.00284386 -0.293585 -0.136515 0.00160885 0.0157367 -0.0133451 1 10801
0.012 -4 -4 0 3597 0.0346994 -0.199425 -0.026577 0.00403702 0.0170901 -0.019843 1 10805
0 0 -4 0 3599 -0.122664 -0.189373 -0.0829983 0.000991344 0.0160547 -0.013092 1 10811
0.0123 -4 0 0 3599 -0.0353498 -0.284 -0.0527782 0.00448179 0.0236679 -0.0180934 1 10816
0.0123 -4 -4 0 3599 -0.0178795 -0.281998 -0.0619621 -0.00201309 0.0194087 -0.0155239 1 10821
0.0123 -4 -4 0 3599 -0.0207481 -0.210411 -0.117702 0.00440407 0.0153744 -0.0139897 1 10825
0.0123 -4 -3 0 3599 -0.0645485 -0.211103 -0.110516 0.00274217 0.0197372 -0.0208995 1 10830
0.0123 -4 -3 0 3599 -0.0403137 -0.280811 -0.0660057 -0.00238001 0.0163875 -0.0129095 1 10835
0.0123 -4 -3 0 3599 0.0302258 -0.203131 -0.00980377 0.00504482 0.0212222 -0.017711 1 10840
0.0123 -4 -3 0 3599 -0.0649242 -0.199615 -0.0987015 0.000208855 0.0180755 -0.0152001 1 10845
0 0 -3 0 3599 -0.102373 -0.219646 -0.0702248 0.00555754 0.0198571 -0.0153409 1 10851
0.0123 -4 0 0 3599 -0.0623989 -0.305223 -0.0211811 -0.000881314 0.020634 -0.0189709 1 10856
0.0123 -4 -3 0 3599 0.0111656 -0.226849 -0.139887 -0.000413537 0.0127883 -0.0133156 1 10860
0.0123 -4 -4 0 3599 -0.0103092 -0.153925 -0.0214863 0.00630283 0.021473 -0.0184463 1 10865
0 0 -4 0 3599 -0.119111 -0.249809 -0.119528 0.000686884 0.0191393 -0.0143625 1 10870
0.012 -4 0 0 3597 -0.0710011 -0.286539 -0.0550098 0.00457275 0.0222186 -0.0171797 1 10875
0.0123 -4 -4 0 3599 -0.00649357 -0.24354 -0.0131855 -0.00177956 0.0180078 -0.0175019 1 10880
0.0123 -4 -4 0 3599 -0.0825653 -0.126289 -0.168772 0.0026859 0.0151927 -0.0131834 1 10885
0.0123 -4 -4 0 3599 -0.0552769 -0.269096 -0.12579 0.00343549 0.0216818 -0.0201664 1 10890
0.0123 -4 -4 0 3599 -0.0574951 -0.282862 -0.0748005 -0.00167811 0.0173588 -0.0134292 1 10895
0.0123 -4 -4 0 3599 0.020237 -0.198338 -0.0509129 0.00629056 0.0213002 -0.0178934 1 10901
0 0 -3 0 3599 -0.110381 -0.154242 -0.118176 0.000543833 0.0200202 -0.0169983 1 10905
0 0 0 0 3599 -0.13523 -0.272118 -0.080822 0.00407088 0.0207479 -0.015623 1 10912
0.0123 -4 0 0 3599 -0.00301933 -0.26199 -0.0749931 -0.00136983 0.0189339 -0.0192764 1 10917
0.0123 -4 -4 0 3599 -0.0346394 -0.180883 -0.134174 0.00438428 0.0150361 -0.0134485 1 10922
0.0123 -4 -4 0 3599 -0.0658665 -0.226009 -0.0933857 0.00665176 0.0235609 -0.0184308 1 10926
0.0123 -4 -3 0 3599 -0.0839853 -0.294762 -0.155548 -0.00255299 0.0179016 -0.013185 1 10932
0.0123 -4 -3 0 3599 -0.0107632 -0.251808 -0.0246849 0.00464749 0.0192433 -0.0158099 1 10937
0.0123 -4 -3 0 3599 -0.0948153 -0.1917 -0.166388 -0.000147462 0.0183864 -0.0159615 1 10943
0.0123 -4 -3 0 3599 -0.0580378 -0.243469 -0.0959511 0.00420713 0.0224475 -0.0164776 1 10950
0.0123 -4 -3 0 3599 -0.046669 -0.248241 -0.0608292 -0.00156152 0.0186216 -0.014617 1 10955
0.0123 -4 -3 0 3599 -0.0777311 -0.157824 -0.0810566 0.00481689 0.0166323 -0.0144436 1 10960
0.0123 -4 -4 0 3599 -0.0993643 -0.280525 -0.037035 0.000458121 0.0208295 -0.0189744 1 10966
0.0123 -4 -3 0 3599 -0.0205517 -0.285507 -0.11117 -0.00127184 0.0137485 -0.0136172 1 10970
0.0123 -4 -3 0 3599 0.015233 -0.182816 -0.103441 0.00450981 0.0183424 -0.0186589 1 10977
0 0 -3 0 3599 -0.159087 -0.22761 -0.154167 0.000997186 0.0176344 -0.0131682 1 10982
0.0123 -4 0 0 3599 -0.0551996 -0.298317 -0.0661488 0.00329185 0.0234809 -0.0183165 1 10987
0.0123 -4 -3 0 3599 -0.0464706 -0.245213 -0.124996 -0.00116777 0.0166393 -0.0132544 1 10992
0.0123 -4 -4 0 3599 -0.0654249 -0.182926 -0.0932922 0.00644696 0.0188341 -0.0164948 1 10997
0.0123 -4 -4 0 3599 -0.0873775 -0.231342 -0.158136 0.00238943 0.0205744 -0.0194924 1 11002
0.0123 -4 -4 0 3599 -0.0406256 -0.270428 -0.0629597 0.000990868 0.0162307 -0.0130451 1 11007
0.0123 -4 -3 0 3599 0.0111132 -0.173183 -0.037178 0.00472438 0.0193359 -0.0186389 1 11013
0 0 -3 0 3599 -0.167171 -0.198521 -0.213551 0.000426769 0.0180311 -0.0135096 1 11018
0.0123 -4 0 0 3599 -0.0837669 -0.308392 -0.0254326 0.00461245 0.0226483 -0.0166291 1 11022
0.0123 -4 -4 0 3599 0.0177116 -0.267895 -0.165577 -0.00233519 0.0180719 -0.0158378 1 11028
0.0123 -4 -4 0 3599 -0.0334358 -0.167063 -0.100246 0.00362825 0.0153829 -0.0136057 1 11032
0 0 -4 0 3599 -0.111051 -0.282837 -0.100573 0.000761271 0.0211873 -0.0196649 1 11038
0.0123 -4 0 0 3599 -0.0442924 -0.283472 -0.0900135 -0.00129902 0.0150953 -0.0129734 1 11043
0.0123 -4 -5 0 3599 -0.0432005 -0.171345 -0.0439606 0.00583112 0.0210136 -0.0172001 1 11048
0 0 -5 0 3599 -0.121044 -0.187122 -0.225719 -0.000542641 0.0189188 -0.0151573 1 11053
0.0123 -4 0 0 3599 -0.0526438 -0.283485 -0.056982 0.00409877 0.0214999 -0.0160867 1 11058
0.0123 -4 -4 0 3599 0.0151758 -0.269106 -0.0113602 -0.0007056 0.0177334 -0.0177752 1 11063
0 0 -4 0 3599 -0.122108 -0.164566 -0.155508 0.00336254 0.0156316 -0.0134163 1 11068
0 0 0 0 3599 -0.105418 -0.24235 -0.0518818 0.00291395 0.0235598 -0.0182315 1 11074
0.0123 -4 0 0 3599 -0.0574436 -0.272594 -0.125135 -0.00253081 0.01776 -0.0137691 1 11078
0.0123 -4 -3 0 3599 0.0462198 -0.209858 -0.0767155 0.00616682 0.0200635 -0.0168621 1 11083
0 0 -3 0 3599 -0.110771 -0.203323 -0.0735855 0.00185549 0.0191775 -0.0172717 1 11088
0 0 0 0 3599 -0.120785 -0.275293 -0.194933 0.00212646 0.0188544 -0.0152129 1 11094
0.0123 -4 0 0 3599 -0.0140209 -0.315779 -0.0439739 -0.000517607 0.0188299 -0.0178001 1 11099
0.0123 -4 -3 0 3599 -0.0946875 -0.188242 -0.186567 0.00264561 0.0137087 -0.012915 1 11104
0.0123 -4 -4 0 3599 -0.0967636 -0.252331 -0.00325775 0.00442326 0.0241842 -0.0188915 1 11109
0.0123 -4 -2 0 3599 -0.0674658 -0.255531 -0.0669403 -0.00219047 0.0195061 -0.0140196 1 11114
0.0123 -4 -3 0 3599 -0.0153723 -0.209522 -0.0972042 0.00622106 0.0200531 -0.0165236 1 11119
0 0 -3 0 3599 -0.10387 -0.23806 -0.103107 0.000393629 0.0208023 -0.0176939 1 11124
0 0 0 0 3599 -0.116076 -0.293949 -0.128775 0.000877857 0.0176057 -0.013431 1 11129
0.0123 -4 0 0 3599 -0.0202799 -0.248665 -0.0198631 0.00276077 0.0197926 -0.0183476 1 11134
0.0123 -4 -3 0 3599 -0.0903978 -0.120853 -0.109835 0.000959039 0.0182253 -0.0133188 1 11139
0.0123 -4 -3 0 3599 -0.0740566 -0.257473 -0.0705853 0.00687885 0.0248469 -0.0172192 1 11144
0.0123 -4 -3 0 3599 -0.0257034 -0.357777 -0.0806637 -0.00217772 0.0201885 -0.0170494 1 11149
0.0123 -4 -3 0 3599 -0.0580597 -0.244665 -0.102917 0.00252855 0.0154049 -0.0134704 1 11154
0.0123 -4 -3 0 3599 -0.0585747 -0.176384 -0.0904217 0.00386941 0.0195615 -0.0185851 1 11159
0 0 -3 0 3599 -0.153128 -0.210949 -0.19245 -0.000237465 0.019172 -0.0134364 1 11164
0.0123 -4 0 0 3599 -0.0263624 -0.299036 0.0112228 0.00442743 0.0239077 -0.016401 1 11169
0.0123 -4 -2 0 3599 -0.0528107 -0.229582 -0.0432644 -0.000593781 0.0182216 -0.0160058 1 11174
0 0 -5 0 3599 -0.101838 -0.182404 -0.178478 0.00766826 0.0206925 -0.0154513 1 11180
0.0123 -4 0 0 3599 -0.0867834 -0.268312 -0.0835381 -0.000329137 0.0211782 -0.0175546 1 11185
0.0123 -4 -3 0 3599 -0.0632124 -0.281424 -0.173748 0.000251055 0.0163632 -0.0134847 1 11190
0.0123 -4 -3 0 3599 0.026371 -0.188204 -0.045723 0.00397575 0.0192869 -0.0180589 1 11195
0 0 -4 0 3599 -0.127305 -0.177811 -0.119518 0.000796795 0.0183197 -0.0131468 1 11201
0.0123 -4 0 0 3599 -0.0744534 -0.28067 -0.128429 0.00643086 0.0233022 -0.0170516 1 11205
0.0123 -4 -3 0 3599 -0.0537367 -0.349247 -0.0451298 -0.00210178 0.0198125 -0.0173801 1 11210
0.0123 -4 -4 0 3599 -0.0450487 -0.207466 -0.0728245 0.00220942 0.0146345 -0.013817 1 11215
0.0123 -4 -4 0 3599 -0.0965977 -0.166115 -0.121811 0.00382459 0.0209464 -0.0191127 1 11220
0.0123 -4 -3 0 3599 -0.0975895 -0.290415 -0.0872707 -0.00208426 0.0198576 -0.0132097 1 11225
0.0123 -4 -3 0 3599 0.0425196 -0.268177 -0.0383873 0.0055865 0.0211001 -0.0162632 1 11230
0.0123 -4 -4 0 3599 -0.0821867 -0.226685 -0.138805 0.000580311 0.0188967 -0.0164419 1 11235
0 0 -4 0 3599 -0.145784 -0.190378 -0.160357 0.00381756 0.0187404 -0.0149611 1 11240
0.0123 -4 0 0 3599 -0.0578499 -0.267796 -0.0422077 2.26498e-06 0.0227662 -0.0180334 1 11245
0.0123 -4 -4 0 3599 -0.00683403 -0.259056 -0.156492 -0.000790715 0.0166542 -0.0126666 1 11251
0.0123 -4 -4 0 3599 -0.0179348 -0.168362 0.0157681 0.00722766 0.0213932 -0.016432 1 11255
0 0 -3 0 3599 -0.128038 -0.243557 -0.13413 -0.000412583 0.0199342 -0.0155325 1 11260
0.0123 -4 0 0 3599 -0.0778036 -0.27549 -0.13694 0.00450099 0.0216906 -0.0157029 1 11265
0.0123 -4 -3 0 3599 -0.0384159 -0.287066 -0.0180359 -0.00201714 0.0181639 -0.0166363 1 11271
0.0123 -4 -3 0 3599 -0.0826511 -0.161074 -0.178936 0.00345385 0.0152989 -0.0140941 1 11276
0.0123 -4 -3 0 3599 -0.0696049 -0.245358 -0.0816193 0.00211895 0.023081 -0.0183156 1 11281
0.0123 -4 -3 0 3599 -0.0252247 -0.298338 -0.0791168 -0.0019809 0.0173514 -0.0127963 1 11286
0.0123 -4 -2 0 3599 -0.00134087 -0.198196 -0.0961323 0.00763977 0.0200088 -0.0164609 1 11291
0.0123 -4 -3 0 3599 -0.0985355 -0.207615 -0.124962 0.000753999 0.019343 -0.0171683 1 11296
0.0123 -4 -3 0 3599 -0.043045 -0.29739 -0.136271 0.0034672 0.0206212 -0.0155942 1 11302
0.0123 -4 -3 0 3599 0.0198135 -0.268604 -0.100935 -0.00169611 0.0209142 -0.0180224 1 11307
0.0123 -4 -3 0 3599 -0.0653419 -0.192272 -0.104053 0.00217211 0.015757 -0.0128558 1 11312
0.0123 -4 -3 0 3599 -0.0937643 -0.173569 -0.0440655 0.00443923 0.0229897 -0.0171119 1 11317
0.0123 -4 -4 0 3599 -0.0693197 -0.323492 -0.178188 -0.00246322 0.0193778 -0.0143013 1 11322
0.0123 -4 -3 0 3599 -0.0444212 -0.255886 -0.0699234 0.0034765 0.0177849 -0.0154747 1 11327
0.0123 -4 -4 0 3599 -0.072958 -0.227291 -0.1203 9.46522e-05 0.0174457 -0.0171689 1 11333
0 0 -5 0 3599 -0.10797 -0.214741 -0.131237 0.0024128 0.0180306 -0.0146165 1 11337
0.0123 -4 0 0 3599 0.00252819 -0.253904 0.0420647 0.00113153 0.0220699 -0.0170685 1 11342
0.0123 -4 -3 0 3599 -0.0451174 -0.195168 -0.104658 0.000157833 0.0158627 -0.0147384 1 11347
0.0123 -4 -3 0 3599 -0.0813141 -0.220333 -0.102406 0.00676358 0.0216142 -0.016568 1 11353
0.0123 -4 -3 0 3599 -0.0654306 -0.313215 -0.160271 -0.00312972 0.0192774 -0.0161424 1 11357
0.0123 -4 -4 0 3599 0.0160103 -0.23086 -0.178368 0.00314796 0.0145777 -0.0152184 1 11363
0.0123 -4 -4 0 3599 -0.043232 -0.167953 0.0105152 0.00263166 0.0198877 -0.0167316 1 11368
0 0 -4 0 3599 -0.119072 -0.321304 -0.168123 0.00163901 0.018618 -0.0138591 1 11373
0.0123 -4 0 0 3599 0.0343571 -0.261078 0.0268688 0.00194597 0.0189743 -0.0165385 1 11378
0.0123 -4 -3 0 3599 -0.0943432 -0.183689 -0.193287 0.0017463 0.015551 -0.0137569 1 11384
0.0123 -4 -4 0 3599 -0.046999 -0.278072 -0.074646 0.00433564 0.0217947 -0.0168368 1 11389
0.0123 -4 -4 0 3599 0.0298872 -0.27146 -0.0183315 -0.00103271 0.0161377 -0.0162357 1 11395
0.0123 -4 -3 0 3599 -0.0264854 -0.184231 -0.149996 0.00696909 0.0170981 -0.0168073 1 11400
0.0123 -4 -4 0 3599 -0.0469742 -0.283239 -0.145334 -0.00159526 0.0180707 -0.0144667 1 11408
0.0123 -4 -4 0 3599 0.0628376 -0.213236 -0.0338345 0.00417149 0.0173613 -0.0170472 1 11413
0.0123 -4 -3 0 3599 -0.0237856 -0.173721 -0.063345 0.000883579 0.0175861 -0.0158437 1 11418
0 0 -3 0 3597 -0.123034 -0.191002 -0.148336 0.00264585 0.0185192 -0.0135216 1 11423
0.0123 -4 0 0 3599 -0.00559998 -0.330166 -0.0134296 0.000121951 0.0195401 -0.0176046 1 11428
0.0123 -4 -4 0 3599 -0.0550547 -0.208942 -0.00518608 0.000121117 0.0156729 -0.0133588 1 11434
0.0123 -4 -3 0 3599 -0.0215063 -0.245857 -0.104925 0.00373077 0.0208417 -0.0167142 1 11439
0.0123 -4 -3 0 3599 -0.0191631 -0.30438 -0.0269985 -0.0019697 0.0193938 -0.0162289 1 11444
0.0123 -4 -2 0 3599 0.0478468 -0.206196 -0.0299988 0.00563169 0.0179243 -0.0160535 1 11450
0.0123 -4 -4 0 3599 -0.0398035 -0.163338 -0.0664234 0.000895619 0.017511 -0.016059 1 11455
0.0123 -4 -4 0 3599 -0.093976 -0.275818 -0.115788 0.0027653 0.0169611 -0.0156763 1 11460
0.0123 -4 -4 0 3599 0.05721 -0.29475 -0.0655193 0.000623941 0.0199454 -0.0167673 1 11465
0.0123 -4 -4 0 3599 0.00341797 -0.145739 -0.0916462 0.00208378 0.0160473 -0.0137569 1 11470
0.0123 -4 -3 0 3599 -0.0107117 -0.152454 -0.0120831 0.00606096 0.0178387 -0.015907 1 11475
0.0123 -4 -4 0 3599 -0.0451918 -0.295895 -0.0892277 -0.000511885 0.0182835 -0.0165668 1 11481
0.0123 -4 -4 0 3599 0.0385742 -0.300072 -0.0643692 0.00219452 0.0157925 -0.0164371 1 11486
0.0123 -4 -4 0 3599 0.000932693 -0.220921 0.00619316 0.000414252 0.01443 -0.0159585 1 11491
0 0 -3 0 3597 -0.122628 -0.199528 -0.1688 0.00260174 0.0182844 -0.0147799 1 11496
0.0123 -4 0 0 3599 0.0289526 -0.282566 0.0119152 -0.000386238 0.0207058 -0.0156396 1 11501
0.0123 -4 -3 0 3599 0.0312214 -0.267401 -0.0185146 -0.00131583 0.0160185 -0.0156508 1 11506
0.0123 -4 -3 0 3599 -0.00992012 -0.203754 -0.0959053 0.0052017 0.0182626 -0.0157927 1 11512
0.0123 -4 -3 0 3599 -0.0539303 -0.25791 -0.0347004 0.000230789 0.017654 -0.016149 1 11517
0.0123 -4 -4 0 3599 -0.0265131 -0.340755 -0.0905323 0.000681281 0.0168037 -0.0162815 1 11522
0.0123 -4 -4 0 3599 0.0928411 -0.214613 0.00595856 0.00011158 0.0160137 -0.0157379 1 11527
0.0123 -4 -3 0 3599 -0.0391006 -0.191982 -0.0696697 0.00367808 0.0160509 -0.0153841 1 11532
0.0123 -4 -3 0 3599 0.00610256 -0.261797 -0.0216961 0.00453937 0.0193359 -0.0150348 1 11537
0.0123 -4 -3 0 3599 -0.0119085 -0.309654 -0.00663376 -0.000720501 0.0170904 -0.0173354 1 11542
0.0123 -4 -3 0 3599 0.0219336 -0.239452 0.0400867 0.0020442 0.0138659 -0.0155796 1 11547
0.0123 -4 -4 0 3599 -0.0498772 -0.142218 -0.0797806 0.00271893 0.0173034 -0.016172 1 11552
0.0123 -4 -4 0 3599 -0.0450974 -0.276808 -0.0475197 -0.00060904 0.019517 -0.0156139 1 11557
0.0123 -4 -3 0 3599 0.0851374 -0.257616 -0.0221004 0.00221527 0.0170628 -0.0139893 1 11562
0.0123 -4 -4 0 3599 -0.00598717 -0.227749 -0.0898876 0.00210464 0.0162654 -0.016551 1 11567
0.0123 -4 -3 0 3599 -0.0821142 -0.189928 -0.0080204 0.00273323 0.0174237 -0.0153964 1 11572
0.0123 -4 -3 0 3599 0.00438595 -0.274574 -0.0429688 -0.000245094 0.0182762 -0.0157984 1 11577
0.0123 -4 -3 0 3599 0.0770664 -0.238174 -0.0845833 0.000770926 0.0152859 -0.0157913 1 11582
0.0123 -4 -3 0 3599 0.0181274 -0.167183 0.017355 0.0051719 0.0167678 -0.0145131 1 11587
0.0123 -4 -4 0 3599 -0.0599508 -0.292416 -0.0894566 0.000855565 0.0195758 -0.0178324 1 11592
0.0123 -4 -5 0 3599 0.0174351 -0.277309 0.0157547 0.000626802 0.0174665 -0.0146571 1 11597
0.0123 -4 -4 0 3599 0.0209837 -0.210506 0.0137539 0.00119388 0.0161227 -0.0153768 1 11602
0.0123 -4 -4 0 3599 -0.0667362 -0.193329 -0.218084 0.00272357 0.0165001 -0.016121 1 11607
0.0123 -4 -4 0 3599 0.014061 -0.314314 0.00125313 0.00107372 0.018255 -0.0148489 1 11612
0.0123 -4 -4 0 3599 0.05019 -0.275406 -0.00614357 -0.000587344 0.0156698 -0.0166955 1 11617
0.0123 -4 -4 0 3599 -0.0071106 -0.177076 -0.0225601 0.00415874 0.0167418 -0.0148341 1 11622
0.0123 -4 -4 0 3599 -0.0501032 -0.283978 -0.0310307 0.000575066 0.0195051 -0.0162937 1 11627
0.0123 -4 -5 0 3599 0.0751572 -0.279699 -0.0543556 -0.000131488 0.0161974 -0.0161961 1 11632
0.0123 -4 -3 0 3599 0.0609484 -0.201427 -0.0162678 0.00290012 0.0157659 -0.0150515 1 11637
0.0123 -4 -4 0 3599 -0.0539236 -0.277912 -0.110573 0.00264215 0.0183025 -0.0163004 1 11643
0.0123 -4 -4 0 3599 -0.0214787 -0.260494 -0.0447922 0.00198865 0.0189169 -0.0144315 1 11648
0.0123 -4 -4 0 3599 0.0117435 -0.231043 -0.0668316 0.00123203 0.0156368 -0.0153994 1 11654
0.0123 -4 -4 0 3599 -0.0098896 -0.153286 -0.0361042 0.00277877 0.017145 -0.0142578 1 11659
0.0123 -4 -4 0 3599 0.00570679 -0.29319 -0.0375957 1.65701e-05 0.0181503 -0.0178584 1 11664
0.0123 -4 -2 0 3599 0.0684767 -0.320736 -0.00716972 0.000487566 0.0165344 -0.0148476 1 11669
0.0123 -4 -3 0 3599 -0.0451355 -0.213055 -0.0872517 0.00386333 0.0179713 -0.0172494 1 11675
0.0123 -4 -4 0 3599 -0.0793304 -0.26259 -0.12113 0.000623703 0.020026 -0.015347 1 11680
0.012 -4 -3 0 3597 0.0260077 -0.257641 -0.0256519 0.000720501 0.0173251 -0.0149884 1 11686
0.0123 -4 -3 0 3599 0.014513 -0.194139 -0.0141525 0.00150907 0.016823 -0.0167956 1 11691
0.0123 -4 -3 0 3599 -0.0242634 -0.216619 -0.0256958 0.00304842 0.0178631 -0.0143002 1 11696
0.0123 -4 -3 0 3599 -0.00153542 -0.349915 -0.0512161 0.000750184 0.0185226 -0.0180971 1 11701
0.0123 -4 -4 0 3599 0.0262976 -0.26502 0.00258827 0.000392675 0.0147442 -0.0140762 1 11706
0.0123 -4 -3 0 3599 -0.0769291 -0.149948 -0.0393066 0.00386143 0.0182927 -0.0158049 1 11711
0.0123 -4 -3 0 3599 -0.0211649 -0.322987 -0.0842781 -0.000425816 0.0191767 -0.0157331 1 11716
0.0123 -4 -3 0 3599 0.0583153 -0.23461 0.0254345 0.00186622 0.015324 -0.0138379 1 11722
0.0123 -4 -3 0 3599 -0.0675964 -0.185112 -0.0746994 0.00217795 0.0173175 -0.0186367 1 11727
0.0123 -4 -3 0 3599 -0.0792437 -0.260313 -0.0128517 0.000235677 0.0193461 -0.0136948 1 11732
0.0123 -4 -4 0 3599 0.0672464 -0.253092 -0.0567856 0.000834346 0.0177135 -0.0170571 1 11737
0.0123 -4 -4 0 3599 0.0428648 -0.223169 -0.0760536 0.00179923 0.0165533 -0.0153168 1 11741
0.0123 -4 -3 0 3599 -0.0319109 -0.207747 -0.0103703 0.00396466 0.0174906 -0.0145042 1 11747
0.0123 -4 -3 0 3599 -0.0469418 -0.326607 -0.0667038 0.000273824 0.0185599 -0.0183155 1 11752
0.0123 -4 -4 0 3599 0.0311031 -0.229197 0.0845165 0.000331402 0.0140163 -0.0134885 1 11757
0.0123 -4 -4 0 3599 -0.0500908 -0.13134 -0.0675373 0.00318253 0.0174512 -0.0189011 1 11761
0.0123 -4 -4 0 3599 0.0215158 -0.324039 0.0338764 -0.000238895 0.0169912 -0.0144193 1 11767
0.0123 -4 -3 0 3599 0.0370655 -0.250196 0.0211372 0.00214958 0.0168586 -0.0148192 1 11772
0 0 -3 0 3599 -0.101644 -0.172365 -0.10718 0.00226772 0.0188234 -0.0158159 1 11778
0.0123 -4 0 0 3599 -0.0382662 -0.255356 -0.0281982 0.000988007 0.019482 -0.0135091 1 11783
0.0123 -4 -3 0 3599 0.0738115 -0.28854 -0.105066 0.000268459 0.0162922 -0.0186328 1 11788
0.0123 -4 -3 0 3599 -0.00418663 -0.185806 0.0284061 0.00303864 0.0152781 -0.0140407 1 11792
0.0123 -4 -3 0 3599 -0.0381308 -0.278337 -0.0765324 0.00246453 0.0201354 -0.0178855 1 11798
0.0123 -4 -3 0 3599 -0.0300846 -0.298439 -0.0226974 -0.00045526 0.0187422 -0.0155041 1 11802
0.0123 -4 -4 0 3599 -0.0118752 -0.20014 -0.0122013 0.00177979 0.0166681 -0.0136776 1 11808
0.0123 -4 -4 0 3599 -0.0810089 -0.216845 -0.13212 0.0026046 0.0180856 -0.0185015 1 11812
0.0123 -4 -4 0 3599 0.00358772 -0.306656 0.00511742 0.000509858 0.0173394 -0.0139154 1 11818
0.0123 -4 -3 0 3599 0.0675936 -0.271759 0.0225468 0.00214481 0.0160248 -0.0175172 1 11822
0.0123 -4 -5 0 3599 -0.0694265 -0.158918 -0.0376453 0.00302005 0.0177364 -0.0151476 1 11828
0.0123 -4 -4 0 3599 -0.0651131 -0.258034 -0.013258 0.00150633 0.0200663 -0.0145936 1 11833
0.0123 -4 -3 0 3599 0.0508528 -0.280787 -0.0529518 -0.00133312 0.017105 -0.0167259 1 11839
0.0123 -4 -4 0 3599 -0.0160084 -0.161816 0.0381775 0.00364983 0.0152565 -0.013636 1 11843
0.0123 -4 -4 0 3599 -0.097353 -0.239231 -0.091507 0.0026201 0.0201823 -0.0196915 1 11849
0.0123 -4 -4 0 3599 -0.0128937 -0.292435 -0.0382786 -0.00106943 0.0170371 -0.013271 1 11854
0.0123 -4 -4 0 3599 0.0230637 -0.240959 -0.0577049 0.00281239 0.0184504 -0.0162131 1 11859
0.0123 -4 -3 0 3599 -0.0679646 -0.223164 -0.193693 0.000713706 0.0187857 -0.0156199 1 11863
0.0123 -4 -4 0 3599 0.0247297 -0.301165 0.018858 0.00122571 0.019992 -0.0153451 1 11869
0.0123 -4 -4 0 3599 0.0125856 -0.246796 0.0165253 0.000159383 0.017184 -0.0180429 1 11874
0.0123 -4 -4 0 3599 -0.0450315 -0.21323 -0.0529499 0.00372958 0.0151688 -0.0138334 1 11879
0.0123 -4 -4 0 3599 -0.0632439 -0.304815 -0.00844383 0.00177145 0.0194607 -0.0195833 1 11885
0.0123 -4 -5 0 3599 0.0109978 -0.253563 -0.0444546 -0.00274527 0.0157888 -0.0144645 1 11890
0.0123 -4 -4 0 3599 0.0199423 -0.141214 0.0302181 0.00548291 0.0196076 -0.0158143 1 11894
0 0 -4 0 3599 -0.115402 -0.281239 -0.137379 0.000866652 0.020372 -0.01583 1 11900
0.0123 -4 0 0 3599 -0.0101042 -0.302303 0.0238552 0.00057745 0.0189694 -0.0147101 1 11905
0.0123 -4 -4 0 3599 -0.00962543 -0.186617 -0.0436172 0.00136018 0.0173103 -0.0174165 1 11911
0.0123 -4 -4 0 3599 -0.0759058 -0.214958 -0.0723572 0.00199282 0.0168971 -0.0146957 1 11916
0.0123 -4 -4 0 3599 0.0200195 -0.338015 0.021307 0.000983715 0.0199515 -0.0190286 1 11921
0.0123 -4 -3 0 3599 -0.0366249 -0.231796 -0.0112114 0.000424862 0.0159109 -0.0144945 1 11926
0.0123 -4 -3 0 3599 -0.0809488 -0.197334 -0.0767918 0.00490582 0.0214563 -0.0164868 1 11931
0.0123 -4 -5 0 3599 -0.0945511 -0.277866 -0.0207386 -0.00128162 0.0204827 -0.0176494 1 11936
0.0123 -4 -3 0 3599 -0.00353336 -0.247084 -0.072443 -0.000728965 0.0148284 -0.0138221 1 11941
0.0123 -4 -4 0 3599 0.0182953 -0.158319 -0.0129433 0.00488365 0.0175726 -0.0192589 1 11946
0.0123 -4 -3 0 3599 -0.0732851 -0.278561 -0.0665951 -0.000749469 0.0163477 -0.0133622 1 11952
0.0123 -4 -3 0 3599 -0.00597954 -0.259706 0.010107 0.00328398 0.0194439 -0.0176152 1 11957
0 0 -4 0 3599 -0.103726 -0.168215 -0.149496 0.000114799 0.0181766 -0.014746 1 11962
0.0123 -4 0 0 3599 -0.0769749 -0.24086 -0.114731 0.00323355 0.0209364 -0.0148027 1 11967
0.0123 -4 -4 0 3599 0.0336065 -0.304485 -0.00810623 -0.0003438 0.0186236 -0.0185976 1 11972
0.0123 -4 -4 0 3599 -0.0520592 -0.210468 -0.0706062 0.00138891 0.0128771 -0.0128366 1 11977
0 0 -4 0 3599 -0.117018 -0.24785 -0.000448227 0.00439179 0.0209617 -0.0190745 1 11982
0.0123 -4 0 0 3599 -0.0338688 -0.277328 -0.0664845 -0.00426424 0.0173018 -0.0146758 1 11986
0.0123 -4 -3 0 3599 0.0132923 -0.11949 -0.029892 0.00548196 0.0185141 -0.0146204 1 11992
0.0123 -4 -4 0 3599 -0.0941296 -0.251768 -0.0579834 0.00109601 0.0214557 -0.0182997 1 11996
0.0123 -4 -4 0 3599 0.0292187 -0.338249 -0.100897 -0.0007478 0.0139955 -0.0125787 1 12001
0.0123 -4 -2 0 3599 -0.0138702 -0.198025 -0.055254 0.00465536 0.0167445 -0.0195662 1 12006
0.0123 -4 -5 0 3599 -0.0867147 -0.274315 -0.130726 -0.00175178 0.0165635 -0.0144126 1 12012
0.0123 -4 -3 0 3599 0.0284204 -0.261799 0.0481339 0.00304353 0.0191338 -0.0166337 1 12016
0 0 -2 0 3599 -0.106002 -0.147932 -0.0744514 0.00107503 0.0186305 -0.0172815 1 12021
0 0 0 0 3599 -0.109585 -0.235086 -0.0975304 0.0011543 0.0185633 -0.0132474 1 12026
0.0123 -4 0 0 3599 0.0535812 -0.283594 -0.0646553 0.00132942 0.0180585 -0.0200348 1 12031
0.0123 -4 -3 0 3599 0.0286522 -0.224531 -0.130859 -0.000937462 0.0132366 -0.0130246 1 12036
0.0123 -4 -3 0 3599 -0.0592022 -0.242411 -0.0536442 0.00624251 0.0215763 -0.0184128 1 12041
0.0123 -4 -3 0 3599 -0.0782099 -0.334927 -0.0789509 -0.00249541 0.0193066 -0.0161414 1 12046
0.0123 -4 -3 0 3599 -0.0115976 -0.223337 0.0332966 0.00189614 0.0153342 -0.0136186 1 12051
0.0123 -4 -5 0 3599 -0.0684757 -0.156151 -0.128813 0.00275314 0.0186694 -0.0203397 1 12056
0.0123 -4 -4 0 3599 -0.0246735 -0.277081 -0.0643501 -0.0023613 0.0156878 -0.0125585 1 12061
0.0123 -4 -4 0 3599 0.0721273 -0.221972 -0.00376892 0.00465918 0.0184118 -0.0178563 1 12067
0 0 -3 0 3599 -0.137511 -0.196732 -0.1068 0.000364661 0.0182232 -0.0145848 1 12071
0.0123 -4 0 0 3599 -0.0364857 -0.315155 -0.0487556 0.00231099 0.0202629 -0.0151949 1 12076
0.0123 -4 -4 0 3599 0.0238371 -0.230919 -0.0710773 -0.000171781 0.0166194 -0.0187643 1 12082
0.0123 -4 -4 0 3599 -0.0971098 -0.184151 -0.105326 0.00183105 0.0145578 -0.012541 1 12087
0.0123 -4 -5 0 3599 -0.0157099 -0.353947 -0.0630531 0.00129855 0.019482 -0.0207185 1 12092
0.0123 -4 -3 0 3599 -0.0276051 -0.237198 -0.0641384 -0.0017519 0.0156106 -0.0122949 1 12096
0.0123 -4 -4 0 3599 -0.0702276 -0.155636 -0.0735855 0.00657558 0.0207518 -0.0190153 1 12103
0.0123 -4 -4 0 3599 -0.0522852 -0.287966 -0.00488853 -0.0035193 0.0206404 -0.0156015 1 12107
0.0123 -4 -3 0 3599 0.0219898 -0.190022 -0.100937 0.00395358 0.0165893 -0.0138227 1 12113
0.0123 -4 -3 0 3599 -0.0826597 -0.191254 -0.11573 0.00267565 0.0193174 -0.0190333 1 12117
0.0123 -4 -3 0 3599 -0.0808439 -0.2925 -0.108875 -6.07967e-05 0.0162544 -0.0132709 1 12123
0.0123 -4 -3 0 3599 0.0342941 -0.200888 -0.0285568 0.00286484 0.0179093 -0.0193587 1 12128
0 0 -4 0 3599 -0.113012 -0.164852 -0.104326 0.00024724 0.0171041 -0.0124905 1 12134
0.0123 -4 0 0 3599 -0.019805 -0.283869 -0.107309 0.00398493 0.0226313 -0.0173062 1 12138
0.0123 -4 -4 0 3599 -0.0703602 -0.234982 0.00514984 -0.00257826 0.0172265 -0.0140057 1 12144
0.0123 -4 -5 0 3599 -0.0879383 -0.12549 -0.12113 0.00546706 0.0195517 -0.0157381 1 12149
0.0123 -4 -5 0 3599 -0.0315819 -0.298683 0.0162792 -0.00106514 0.0209718 -0.0185703 1 12154
0.0123 -4 -3 0 3599 0.0128002 -0.250734 -0.101553 2.90871e-05 0.0130457 -0.012552 1 12159
0.0123 -4 -3 0 3599 -0.095849 -0.203028 -0.0596809 0.00263357 0.020029 -0.0192996 1 12165
0.0123 -4 -3 0 3599 -0.0982733 -0.319969 -0.100708 -0.00297487 0.0179935 -0.0134677 1 12169
0.0123 -4 -3 0 3599 0.05966 -0.184084 -0.0425148 0.00498903 0.0205643 -0.0171087 1 12175
0 0 -4 0 3599 -0.121861 -0.201824 -0.0667763 0.00098443 0.020439 -0.0151967 1 12181
0.0123 -4 0 0 3599 -0.0525246 -0.329393 -0.0868912 0.00221431 0.0186013 -0.0155531 1 12186
0.0123 -4 -4 0 3599 -0.0093708 -0.231483 0.00442696 -0.000502229 0.0161155 -0.0184252 1 12190
0.0123 -4 -3 0 3599 -0.04953 -0.197655 -0.210524 0.00271583 0.0158968 -0.0135786 1 12197
0.0123 -4 -4 0 3599 0.00539017 -0.304554 -0.0282364 0.00148606 0.0202561 -0.0187971 1 12201
0.0123 -4 -4 0 3599 -0.0413113 -0.23365 -0.0970955 -0.00137496 0.0141721 -0.0130835 1 12207
0.0123 -4 -5 0 3599 -0.0852404 -0.200241 -0.033556 0.00661778 0.021569 -0.0170538 1 12211
0.0123 -4 -4 0 3599 -0.0313444 -0.264952 -0.15398 -0.00304031 0.0180119 -0.0146572 1 12217
0.0123 -4 -4 0 3599 0.0092907 -0.181274 -0.102343 0.00580835 0.0175888 -0.0157219 1 12222
0.0123 -4 -4 0 3599 -0.0370131 -0.264008 -0.120417 -0.000206709 0.0199915 -0.0183083 1 12227
0.012 -4 -4 0 3597 -0.0308609 -0.322809 -0.100727 -0.000488281 0.0143178 -0.0127956 1 12232
0.0123 -4 -4 0 3599 -0.0418844 -0.195425 -0.0622845 0.00386953 0.0184978 -0.0180028 1 12237
0 0 -3 0 3599 -0.129498 -0.238655 -0.151783 -0.00203395 0.0181207 -0.0146838 1 12242
0.0123 -4 0 0 3599 -0.00028038 -0.232239 0.0344315 0.00455511 0.0202893 -0.0166224 1 12248
0 0 -4 0 3599 -0.104711 -0.197161 -0.0916996 -0.000940681 0.0187139 -0.0170832 1 12253
0.0123 -4 0 0 3599 -0.0450706 -0.323153 -0.118526 0.00211382 0.0190543 -0.0154549 1 12258
0.0123 -4 -2 0 3599 0.050703 -0.229538 -0.0841732 0.00167298 0.018418 -0.0182315 1 12263
0 0 -4 0 3599 -0.111299 -0.170422 -0.111256 0.00240183 0.0160658 -0.0126348 1 12268
0.0123 -4 0 0 3599 -0.049716 -0.286041 -0.0743752 0.00508595 0.0224411 -0.0176523 1 12273
0.0123 -4 -4 0 3599 -0.0390787 -0.268475 -0.0425224 -0.00296307 0.0163017 -0.0150391 1 12278
0.0123 -4 -4 0 3599 -0.0518589 -0.20174 -0.135857 0.00621855 0.020113 -0.0175669 1 12283
0.0123 -4 -4 0 3599 -0.0138216 -0.282425 -0.0253963 -0.00270069 0.0184152 -0.0158824 1 12289
0.0123 -4 -5 0 3599 -0.0489788 -0.200611 -0.147978 0.00346565 0.0142897 -0.0139685 1 12294
0.0123 -4 -3 0 3599 -0.0553436 -0.294006 -0.112997 -0.00180256 0.0190326 -0.0166191 1 12300
0.0123 -4 -4 0 3599 0.000434875 -0.243864 -0.160297 0.0010705 0.0140642 -0.0134082 1 12305
0.0123 -4 -3 0 3599 -0.0337505 -0.20286 -0.0487251 0.00438845 0.0197766 -0.0174093 1 12311
0 0 -3 0 3599 -0.112527 -0.29365 -0.128088 -0.00251186 0.0178892 -0.0147928 1 12315
0.0123 -4 0 0 3599 0.00753403 -0.224604 0.00932503 0.00380397 0.0187646 -0.0153692 1 12322
0 0 -3 0 3599 -0.114887 -0.162827 -0.175043 -0.00076437 0.0176394 -0.0149581 1 12328
0.0123 -4 0 0 3599 0.0545416 -0.270426 0.0469456 0.00431645 0.0205568 -0.0163564 1 12333
0 0 -3 0 3599 -0.128659 -0.177832 -0.147238 -0.000465512 0.017689 -0.0145891 1 12339
0.0123 -4 0 0 3599 -0.0115824 -0.266071 -0.0213203 0.00343287 0.0198991 -0.0168212 1 12344
0.0123 -4 -3 0 3599 0.0276165 -0.242863 -0.0768814 -0.00185907 0.016811 -0.0165769 1 12349
0.0123 -4 -4 0 3599 -0.0784025 -0.217564 -0.144604 0.00369954 0.0176282 -0.0134254 1 12354
0.0123 -4 -4 0 3599 -0.030138 -0.335363 -0.105013 0.00124359 0.0221871 -0.0176428 1 12359
0.0123 -4 -4 0 3599 -0.0624466 -0.241207 -0.0751095 -0.00184369 0.0144815 -0.0134614 1 12364
0.0123 -4 -4 0 3599 -0.0749207 -0.167545 -0.109243 0.00591016 0.0202242 -0.017696 1 12369
0.0123 -4 -4 0 3599 -0.00711727 -0.315699 0.0549736 -0.00348246 0.0182422 -0.0162969 1 12374
0.012 -4 -3 0 3597 -0.0308971 -0.186573 -0.154642 0.00351036 0.015106 -0.0144735 1 12379
0.0123 -4 -3 0 3599 -0.0728645 -0.25005 -0.0363541 0.00312948 0.0212814 -0.0171927 1 12384
0.0123 -4 -4 0 3599 -0.0567884 -0.293156 -0.0786419 -0.00347269 0.0169524 -0.0146345 1 12389
0.0123 -4 -3 0 3599 0.0366859 -0.205002 -0.0433273 0.00425541 0.0174455 -0.0167019 1 12394
0.0123 -4 -3 0 3599 -0.0355568 -0.188828 -0.0578098 -0.000210285 0.0178774 -0.0160001 1 12399
0.0123 -4 -3 0 3599 -0.0457525 -0.282066 -0.170269 0.0021019 0.0180683 -0.014439 1 12404
0.0123 -4 -3 0 3599 0.0275965 -0.268993 -0.0214005 0.00102043 0.0183655 -0.0156652 1 12409
0 0 -3 0 3599 -0.130957 -0.211548 -0.143385 0.00104284 0.0190991 -0.0141432 1 12414
0.0123 -4 0 0 3599 0.0351601 -0.293983 0.00619507 0.00390744 0.0185632 -0.0166868 1 12419
0.0123 -4 -3 0 3599 -0.0140877 -0.239639 -0.0676403 -0.00134337 0.0148665 -0.016354 1 12424
0.0123 -4 -3 0 3599 -0.0875416 -0.217941 -0.151472 0.00314403 0.0162503 -0.0151783 1 12429
0.0123 -4 -4 0 3599 0.0836334 -0.310978 -0.0967617 -0.00275111 0.0166653 -0.0172305 1 12434
0.0123 -4 -4 0 3599 0.00346756 -0.18416 -0.0962391 0.000999093 0.0160126 -0.0134322 1 12439
0.0123 -4 -4 0 3599 -0.0147629 -0.205086 -0.0236416 0.00565028 0.0199715 -0.0163791 1 12444
0.0123 -4 -4 0 3599 -0.00493813 -0.356192 -0.104364 -0.00235248 0.0163409 -0.0161649 1 12449
0.0123 -4 -4 0 3599 0.000267029 -0.2118 -0.0728722 0.00367057 0.0129427 -0.0159831 1 12454
0.0123 -4 -4 0 3599 -0.0223894 -0.228809 -0.0962105 -6.48499e-05 0.0178903 -0.017455 1 12459
0.0123 -4 -4 0 3599 -0.00316238 -0.269997 -0.0404396 -0.000278234 0.0174249 -0.01331 1 12464
0.0123 -4 -4 0 3599 0.0176544 -0.174818 -0.0395107 0.00453103 0.0181203 -0.0160455 1 12469
0 0 -3 0 3599 -0.120497 -0.216801 -0.106297 -0.00104487 0.0172387 -0.0153107 1 12474
0.012 -4 0 0 3597 0.0464468 -0.311699 -0.15309 0.0012908 0.0163582 -0.0165266 1 12479
0.0123 -4 -3 0 3599 0.0644264 -0.162266 -0.0403366 0.000686169 0.0148639 -0.0154728 1 12484
0.0123 -4 -3 0 3599 -0.0789928 -0.245354 -0.195587 0.00253069 0.0176633 -0.0144105 1 12489
0.0123 -4 -3 0 3599 0.0724812 -0.336399 -0.0346355 0.000186324 0.0181917 -0.0156855 1 12494
0.0123 -4 -3 0 3599 -0.0635786 -0.169195 -0.0995464 0.0012188 0.0164 -0.0140708 1 12499
0.0123 -4 -4 0 3599 -0.058218 -0.251543 -0.0606823 0.00346029 0.0184343 -0.017052 1 12504
0.0123 -4 -3 0 3599 0.072937 -0.275475 0.0502434 -0.00254655 0.0154316 -0.0159675 1 12509
0.0123 -4 -4 0 3599 -0.00260353 -0.171047 -0.155762 0.00270259 0.0144833 -0.0151014 1 12514
0.0123 -4 -4 0 3599 0.00623226 -0.247875 -0.0399456 0.000551224 0.0195828 -0.0156316 1 12519
0.0123 -4 -4 0 3599 0.054738 -0.296007 -0.0980968 -0.00149286 0.0160447 -0.0151079 1 12524
0.0123 -4 -4 0 3599 0.0309439 -0.199921 0.0191021 0.00593913 0.0158081 -0.0156707 1 12529
0.0123 -4 -4 0 3599 -0.0464048 -0.268175 -0.123194 -0.000844717 0.0187886 -0.0165943 1 12535
0.0123 -4 -4 0 3599 0.0728188 -0.310858 -0.0150375 0.0022831 0.0145433 -0.0152989 1 12540
0.0123 -4 -3 0 3599 0.00903702 -0.179573 -0.163212 0.00165462 0.014032 -0.0164808 1 12545
0.0123 -4 -3 0 3599 0.0294685 -0.276329 -0.0383034 0.00120246 0.0159634 -0.0162741 1 12551
0.0123 -4 -4 0 3599 0.0531559 -0.212345 0.0252914 0.000517488 0.0162401 -0.0154033 1 12556
0.0123 -4 -3 0 3599 -0.0780973 -0.254025 -0.113894 0.00121784 0.0170286 -0.0148786 1 12561
0.0123 -4 -3 0 3599 0.0531397 -0.261131 -0.0446377 0.00106144 0.0184867 -0.0153964 1 12567
0.0123 -4 -5 0 3599 -0.0021553 -0.181946 -0.0379276 -0.000118732 0.0151035 -0.0158957 1 12572
0.0123 -4 -4 0 3599 -0.0760307 -0.231951 -0.0652771 0.00301766 0.0183387 -0.0165445 1 12577
0.0123 -4 -4 0 3599 0.0634756 -0.338659 -0.00976563 -0.0021348 0.0149353 -0.0157229 1 12582
0.012 -4 -3 0 3597 -0.0236464 -0.146154 -0.113831 0.00278306 0.0152084 -0.0155913 1 12587
0.0123 -4 -3 0 3599 0.0267658 -0.27833 -0.0135975 -0.000496507 0.0201216 -0.0156217 1 12592
0.0123 -4 -3 0 3599 0.0673809 -0.248568 -0.0417786 -3.60012e-05 0.015797 -0.0154713 1 12596
0.0123 -4 -3 0 3599 -0.0200405 -0.186243 -0.0687466 0.00380373 0.0164037 -0.0159103 1 12600
0.0123 -4 -3 0 3599 -0.0682001 -0.262615 0.0352135 0.000849128 0.0181852 -0.0159717 1 12604
0.0123 -4 -3 0 3599 0.0558567 -0.284311 -0.111916 -0.001212 0.0165735 -0.016168 1 12608
0.0123 -4 -3 0 3599 0.0473289 -0.192223 -0.0385227 0.00360417 0.0139023 -0.015572 1 12612
0.0123 -4 -3 0 3599 -0.0231743 -0.201052 -0.00842667 0.00210655 0.0168202 -0.0157541 1 12616
0.0123 -4 -4 0 3599 -0.0101967 -0.318024 -0.0751209 -0.00172329 0.0181221 -0.0164306 1 12620
0.0123 -4 -4 0 3599 0.0534067 -0.254242 -0.00448036 0.00248563 0.0135957 -0.0153722 1 12625
0.0123 -4 -4 0 3599 -0.0164022 -0.18391 -0.143419 0.00146699 0.0136316 -0.0163232 1 12630
0.0123 -4 -4 0 3599 -0.0317659 -0.263193 -0.0212479 -0.00152731 0.0194381 -0.016403 1 12633
0.0123 -4 -3 0 3599 0.068162 -0.291725 0.0775108 0.00195956 0.0166866 -0.015599 1 12637
0.0123 -4 -3 0 3599 0.0383282 -0.204067 -0.011713 0.00263011 0.0147839 -0.0163065 1 12641
0.0123 -4 -3 0 3599 -0.0768433 -0.205791 -0.0697956 0.00118446 0.0184836 -0.0164509 1 12645
0.0123 -4 -3 0 3599 -0.0333605 -0.295332 -0.0118942 0.0010134 0.0182452 -0.0161446 1 12649
0.0123 -4 -3 0 3599 0.0902357 -0.242554 0.0135002 0.00036335 0.0147235 -0.0164299 1 12653
0.0123 -4 -3 0 3599 0.0223694 -0.165346 -0.032486 0.000724316 0.0173275 -0.016235 1 12657
0.012 -4 -5 0 3597 -0.0742693 -0.267605 -0.106764 0.00162303 0.0185582 -0.0168994 1 12661
0.0123 -4 -5 0 3599 0.0199757 -0.31105 0.0095768 -0.000816464 0.0164154 -0.0166294 1 12666
0.0123 -4 -4 0 3599 0.0203495 -0.215351 -0.0694866 -0.0004462 0.0160027 -0.0161183 1 12669
0.0123 -4 -4 0 3599 -0.0596514 -0.186474 -0.118982 0.00288641 0.0169015 -0.0176146 1 12674
0.0123 -4 -4 0 3599 0.0200062 -0.301046 0.0223675 0.000419617 0.0173716 -0.0171134 1 12677
0.0123 -4 -4 0 3599 0.0403585 -0.20451 -0.0525837 0.000841141 0.0170752 -0.0173279 1 12682
0.0123 -4 -4 0 3599 -0.0693579 -0.207541 -0.0876293 0.003829 0.0192136 -0.0163884 1 12686
0.0123 -4 -4 0 3599 -0.0166912 -0.252327 -0.0488129 -0.00140715 0.0188972 -0.0175157 1 12690
0.0123 -4 -4 0 3599 0.00223255 -0.230867 -0.0107498 -0.00131881 0.0166435 -0.0182469 1 12694
0.0123 -4 -3 0 3599 -0.00712299 -0.192986 -0.080019 0.00383401 0.0174834 -0.0172873 1 12698
0.0123 -4 -3 0 3599 -0.0143509 -0.272644 -0.0647259 -7.45058e-05 0.0194253 -0.0183258 1 12703
0.0123 -4 -3 0 3599 0.0014019 -0.194336 0.0154076 0.000260949 0.0163146 -0.0177435 1 12707
0.0123 -4 -3 0 3599 -0.0724697 -0.208649 -0.172613 0.002069 0.0200766 -0.0176878 1 12712
0.0123 -4 -3 0 3599 0.0209951 -0.253273 0.00678825 -0.000528216 0.0171333 -0.0202541 1 12717
0.0123 -4 -5 0 3599 -0.0149231 -0.188873 -0.115694 0.00137925 0.0149592 -0.0199598 1 12720
0 0 -3 0 3599 -0.114875 -0.17321 -0.122583 0.00185764 0.0193846 -0.0175302 1 12724
0.0123 -4 0 0 3599 -0.0245104 -0.239731 -0.064064 -0.00060308 0.016033 -0.0221493 1 12728
0.0123 -4 -4 0 3599 0.027709 -0.218096 -0.130999 -0.000887752 0.0148237 -0.0202698 1 12733
0.0123 -4 -3 0 3599 -0.0668974 -0.173122 -0.081419 0.00296235 0.0166278 -0.0192522 1 12737
0.0123 -4 -3 0 3599 0.00141144 -0.265923 -0.183815 -3.15905e-05 0.0176361 -0.0226179 1 12741
0.0123 -4 -3 0 3599 -0.0273628 -0.233221 -0.0354137 -0.00114322 0.0150897 -0.0210332 1 12745
0.0123 -4 -3 0 3599 -0.0390301 -0.160467 -0.140156 0.00243556 0.0138678 -0.0209277 1 12749
0.0123 -4 -4 0 3599 -0.0663919 -0.246515 -0.112463 0.000389934 0.0176605 -0.0236804 1 12753
0.0123 -4 -5 0 3599 -0.0492058 -0.227474 -0.00913048 -0.00199091 0.0167988 -0.0224562 1 12758
0 0 -4 0 3599 -0.163331 -0.187096 -0.0430584 0.000653267 0.0182717 -0.0226677 1 12763
0 0 0 0 3599 -0.137559 -0.271339 -0.0105362 -0.00190556 0.0186969 -0.024294 1 12768
0.0123 -4 0 0 3599 -0.0450363 -0.191868 0.0333023 -0.00229454 0.0152133 -0.023754 1 12773
0 0 -4 0 3599 -0.129189 -0.19388 -0.0701237 0.000509024 0.015683 -0.0247677 1 12777
0 0 0 0 3599 -0.194807 -0.219131 -0.221611 0.00112236 0.0175788 -0.0252209 1 12781
0.0123 -4 0 0 3599 -0.0706749 -0.247845 -0.00208282 -0.00130701 0.0119962 -0.0245684 1 12785
0 0 -4 0 3599 -0.141748 -0.170368 -0.128668 0.000249505 0.0120046 -0.025171 1 12789
0 0 0 0 3599 -0.242072 -0.18347 -0.221342 0.00165439 0.0163548 -0.0255117 1 12793
0.0123 -4 0 0 3599 -0.095973 -0.239437 0.0325127 -0.00109422 0.0125779 -0.0251504 1 12798
0 0 -3 0 3599 -0.239397 -0.146212 -0.205242 -0.000158906 0.0106268 -0.0261848 1 12803
0 0 0 0 3599 -0.238389 -0.222828 -0.1586 -0.000294089 0.0123829 -0.0248791 1 12809
0 0 0 0 3599 -0.117318 -0.215475 -0.16227 -0.00246119 0.00777367 -0.0267611 1 12814
0 0 0 0 3599 -0.279633 -0.134113 -0.0926514 0.00216007 0.00870624 -0.0256631 1 12819
0 0 0 0 3599 -0.281775 -0.25745 -0.120609 -0.000742078 0.0104039 -0.026087 1 12824
0 0 0 0 3599 -0.255305 -0.165533 -0.0735474 -0.00226319 0.00483954 -0.0273227 1 12829
0 0 0 0 3599 -0.285734 -0.156088 -0.180834 0.000604749 0.00626411 -0.0268485 1 12834
0 0 0 0 3599 -0.22786 -0.185032 -0.023531 -0.00144911 0.00607726 -0.0287441 1 12839
0 0 0 0 3599 -0.298999 -0.127934 -0.150923 -0.000783086 0.00433125 -0.0267618 1 12844
0 0 0 0 3599 -0.298484 -0.175804 -0.116076 -0.000464916 0.00588102 -0.0278783 1 12849
0 0 0 0 3599 -0.218484 -0.154125 -0.138334 -0.00391102 0.00160136 -0.0293681 1 12854
0 0 0 0 3599 -0.256189 -0.145502 -0.0868359 9.62019e-05 0.00147719 -0.0282474 1 12858
0 0 0 0 3599 -0.295196 -0.191469 -0.165613 -0.00247049 0.00371711 -0.033319 1 12864
0 0 0 0 3599 -0.223612 -0.134911 -0.213785 -0.00232863 -0.00292448 -0.0298063 1 12869
0 0 0 0 3599 -0.29955 -0.108641 -0.37178 0.000464559 -0.00193028 -0.0352899 1 12874
0 0 0 0 3599 -0.203171 -0.206636 -0.341192 -0.00513375 -0.00479502 -0.0327262 1 12880
0 0 0 0 3599 -0.255086 -0.0864716 -0.43404 0.00128567 -0.00877692 -0.0330305 1 12884
0 0 0 0 3599 -0.293676 -0.123236 -0.422083 -0.00215018 -0.00640512 -0.0364499 1 12890
0 0 0 0 3597 -0.16523 -0.208696 -0.489481 -0.00407481 -0.0101707 -0.0345004 1 12894
0 0 0 0 3597 -0.183369 -0.0554523 -0.385704 0.00198615 -0.0109421 -0.0374833 1 12900
0 0 0 0 3597 -0.333289 -0.174313 -0.526209 -0.00483942 -0.0103271 -0.0346548 1 12904
0 0 0 0 3597 -0.194072 -0.135416 -0.394484 -0.00430155 -0.0137464 -0.0333666 1 12909
-0.0642404 24 0 -1 3596 -0.201224 -0.0946217 -0.590841 -0.00369275 -0.0101502 -0.0344017 1 12915
-0.0649009 24 23 -1 3597 -0.129808 -0.212677 -0.524784 -0.00225127 -0.0112528 -0.0320745 1 12920
0 0 24 0 3597 -0.185316 -0.0702114 -0.579046 -0.0029161 -0.015327 -0.0354352 1 12926
0 0 1 0 3599 -0.338835 -0.108444 -0.638973 -0.00468767 -0.0130178 -0.0297874 1 12931
0.0123 -4 2 0 3599 -0.0613327 -0.126514 -0.504234 -0.00166261 -0.0115592 -0.0350579 1 12937
0 0 -4 0 3599 -0.182639 -0.0690899 -0.597626 0.00364959 -0.0104247 -0.0288842 1 12941
0.0760112 -29 0 1 3599 -0.231816 -0.11459 -0.502283 0.00378609 -0.00478806 -0.0319925 1 12947
0.0746769 -28 -26 1 3599 -0.254212 -0.137306 -0.419638 -0.00194955 -0.0106261 -0.0279053 1 12953
0 0 -26 0 3599 -0.202606 -0.0922756 -0.464895 -0.00289989 -0.00807352 -0.0300152 1 12958
0 0 -2 0 3597 -0.155201 -0.187653 -0.354259 5.22137e-05 -0.00643796 -0.0315525 1 12962
-0.0594869 22 -2 -1 3596 -0.210438 -0.0728722 -0.41181 -0.00167167 -0.00784937 -0.0286243 1 12968
-0.0558916 21 21 -3 3595 -0.232738 -0.191006 -0.296278 -0.000266552 0.00212484 -0.0299376 1 12973
-0.0604699 23 19 -3 3595 -0.182319 -0.173447 -0.414846 -0.00278223 -0.00749627 -0.0250322 1 12979
-0.0568639 21 21 -3 3595 -0.195308 -0.0957222 -0.286812 6.40154e-05 -0.00477781 -0.0267897 1 12983
-0.0591423 22 20 -3 3595 -0.219909 -0.225588 -0.410246 -0.000883937 -0.0021393 -0.025162 1 12989
-0.0587924 22 21 -1 3596 -0.250153 -0.0933075 -0.4354 0.00015521 -0.0122857 -0.0214549 1 12994
0.0777489 -29 21 2 3599 -0.31127 -0.144188 -0.469082 -0.00489485 -0.0117844 -0.0250754 1 13000
0.077475 -29 -31 10 3603 -0.216677 -0.0446548 -0.580723 0.00145006 -0.0133423 -0.0276821 1 13007
0.0763901 -29 -27 13 3604 -0.169807 -0.115353 -0.597904 0.000162601 -0.00649637 -0.0286721 1 13014
0.072267 -27 -26 15 3605 -0.205589 -0.019043 -0.38586 0.00667942 -0.00802014 -0.0316851 1 13022
0.0732282 -28 -24 13 3604 -0.282518 -0.146019 -0.324734 -0.000164628 -0.0034216 -0.0299092 1 13026
0.0680418 -26 -27 7 3603 -0.206783 -0.179968 -0.214561 0.00117052 -0.00879107 -0.0290086 1 13033
0 0 -26 0 3601 -0.143347 -0.0942554 -0.283632 0.00167072 -0.00856131 -0.0333823 1 13037
-0.0552917 21 5 -7 3599 -0.127527 -0.219204 -0.135765 -0.00404358 0.000865497 -0.0237392 1 13043
-0.0531646 20 21 -13 3596 -0.222276 -0.0768585 -0.173153 0.00265193 0.011656 -0.0270708 1 13047
-0.0476781 18 17 -16 3594 -0.457712 -0.197361 -0.257986 -0.00288868 0.00400412 -0.0190628 1 13052
-0.0556877 21 16 -16 3593 -0.169324 -0.154945 -0.205868 0.000232935 0.00610985 -0.024969 1 13057
-0.0534958 20 19 -16 3594 -0.25447 -0.0935669 -0.228203 0.00196171 0.00837556 -0.0213793 1 13062
-0.0576185 22 18 -14 3593 -0.210655 -0.183315 -0.337029 0.0036447 0.0126621 -0.0209618 1 13067
-0.0544476 20 21 -9 3594 -0.145722 -0.179722 -0.125446 0.00386167 0.0133909 -0.023792 1 13073
-0.0491738 18 18 -4 3594 -0.388747 -0.18244 -0.228659 -0.000509739 0.00981376 -0.0159371 1 13077
0 0 18 0 3596 -0.263887 -0.151054 -0.153587 0.00188422 0.00276163 -0.0227277 1 13084
0.0757687 -29 5 6 3599 -0.308973 -0.0806866 -0.392504 -0.00250196 -0.00882909 -0.0186492 1 13088
0.0717744 -27 -34 12 3601 -0.187288 -0.155842 -0.389797 0.00219214 4.58881e-05 -0.0219754 1 13094
0.0129 -4 -28 15 3603 -0.0573578 -0.125072 -0.437868 0.003865 0.000353724 -0.0226428 1 13098
0.0683342 -26 -3 15 3603 -0.212548 -0.107141 -0.218836 0.00638413 0.000415973 -0.0197723 1 13104
0.0647306 -24 -22 15 3603 -0.215287 -0.243984 -0.070507 0.00626099 0.0035959 -0.0249419 1 13108
0.0666219 -25 -23 10 3602 -0.268531 -0.133865 -0.0774574 0.00430369 -0.000837445 -0.0182342 1 13115
0.0591799 -22 -24 5 3602 -0.159957 -0.280415 0.080761 0.000335455 0.00855956 -0.0266805 1 13120
0 0 -22 0 3601 -0.176463 -0.203186 -0.0307446 -0.00660241 0.00535905 -0.0202506 1 13125
-0.0500231 19 -3 -6 3599 -0.146967 -0.212242 0.0506992 0.00260127 0.0202945 -0.0220301 1 13130
-0.0479705 18 17 -10 3596 -0.196269 -0.269613 0.0692425 -0.00487638 0.0168816 -0.0175958 1 13135
-0.0496576 19 15 -11 3595 -0.222217 -0.178699 -0.0321827 -0.00037384 0.00739253 -0.0139249 1 13140
-0.0505453 19 19 -13 3594 -0.266095 -0.21101 -0.124737 0.00273955 0.0126329 -0.0186596 1 13145
-0.0531451 20 17 -12 3595 -0.170498 -0.205109 -0.10524 0.00153303 0.00985522 -0.0114395 1 13150
-0.0558123 21 18 -10 3595 -0.12623 -0.14879 -0.155001 0.0125314 0.0173244 -0.0179062 1 13156
0.0117 -4 20 -7 3595 -0.0905952 -0.2169 0.0466461 -0.00113595 0.014868 -0.0122529 1 13160
0.01185 -4 -14 0 3596 -0.0361032 -0.17067 -0.18317 0.00542569 0.00406587 -0.0164766 1 13166
0.0655462 -25 1 3 3599 -0.254518 -0.193783 -0.0524082 -0.00391924 0.00953384 -0.0132422 1 13171
0.01245 -4 -28 6 3600 -0.034729 -0.238409 -0.224447 0.0025785 0.00728779 -0.0111175 1 13177
0.0126 -4 5 9 3601 -0.0345058 -0.13269 0.078886 0.00981903 0.0139087 -0.0191063 1 13182
0.0126 -4 -1 9 3601 -0.0678425 -0.296921 -0.0570831 0.00198817 0.00578472 -0.00980707 1 13187
0.0126 -4 -4 9 3601 -0.0626984 -0.139015 0.078373 0.00892246 0.0114907 -0.0178898 1 13192
0.0614716 -23 -3 7 3601 -0.137269 -0.264639 -0.0407257 -0.00177443 0.00908706 -0.0102508 1 13198
0.0126 -4 -22 4 3601 -0.0172977 -0.177784 0.0238113 0.00599468 0.0143274 -0.0152824 1 13203
0.0634445 -24 -3 2 3601 -0.171274 -0.14274 -0.0758991 -0.000945807 0.0132719 -0.0128268 1 13208
0.0126 -4 -24 0 3601 0.00109959 -0.261644 -0.002985 0.00385034 0.014401 -0.0109837 1 13213
0.0126 -4 -3 0 3601 0.0635481 -0.172775 0.171043 0.00664866 0.0136054 -0.0171178 1 13219
0.0126 -4 -3 0 3601 0.0105009 -0.284492 0.0372219 0.00475216 0.0194692 -0.0134128 1 13224
0.0123 -4 -3 -1 3599 0.0844412 -0.228683 0.00753784 0.00519407 0.019075 -0.0162366 1 13231
0.0123 -4 -5 -2 3599 -0.00411606 -0.251032 -0.0819359 -0.000751615 0.017249 -0.0113256 1 13235
-0.0583772 22 -3 -3 3599 0.147169 -0.30085 0.0964298 0.00634372 0.0209974 -0.0157732 1 13240
-0.0557047 21 25 -3 3599 -0.129068 -0.202517 -0.154358 -9.67979e-05 0.0184162 -0.00898857 1 13245
0.0123 -4 19 -3 3599 -0.00998116 -0.242725 -0.191679 0.00290978 0.0206217 -0.0107685 1 13250
0.01245 -4 -1 -2 3600 0.0217161 -0.20417 -0.128231 0.00403404 0.0179874 -0.0137467 1 13254
0 0 -3 0 3601 -0.115015 -0.172802 -0.0330791 -0.000677228 0.0160269 -0.0062592 1 13258
0.01275 -4 2 1 3602 -0.0218163 -0.25975 -0.0890331 0.00594044 0.0195358 -0.00907177 1 13262
0.0513021 -19 0 4 3603 0.117366 -0.227739 0.0376949 0.00872481 0.0200394 -0.0137707 1 13266
0.0129 -4 -17 7 3603 0.0267735 -0.174519 -0.0320644 0.00127661 0.0156795 -0.00996153 1 13270
0.0498733 -19 -1 8 3604 0.137897 -0.297504 0.0684795 0.00583255 0.0214731 -0.00924371 1 13274
0.0472877 -18 -15 8 3603 0.175563 -0.218157 0.123522 0.00874162 0.0209077 -0.0142888 1 13278
0.0129 -4 -15 8 3603 -0.0240841 -0.207106 -0.0116501 -0.00336123 0.0174017 -0.00841294 1 13282
0.0514808 -19 -6 8 3604 0.112626 -0.298576 0.0366592 0.00108981 0.017003 -0.00885192 1 13286
0.0505415 -19 -16 6 3604 0.171541 -0.169569 -0.00198936 0.00853205 0.0190218 -0.0136038 1 13290
0.0129 -4 -18 4 3603 -0.00160217 -0.179766 -0.0237446 -0.00149894 0.0188502 -0.00982025 1 13294
0.0129 -4 -6 1 3603 0.0971861 -0.301975 -0.0185795 0.00279176 0.0216798 -0.0110407 1 13298
0 0 -4 0 3603 0.206279 -0.217472 0.00293541 0.00844812 0.021511 -0.0138728 1 13302
0.0129 -4 1 0 3603 0.0044651 -0.207161 -0.181829 -0.00176954 0.0193488 -0.0100087 1 13306
0 0 -2 0 3603 0.137115 -0.248886 0.0196476 0.00493622 0.0256807 -0.0123136 1 13311
0 0 1 0 3604 0.168882 -0.228228 -0.013916 0.00507843 0.023223 -0.0156243 1 13315
0.01305 -5 0 0 3604 -0.0225983 -0.169361 -0.164919 -0.00160885 0.0196228 -0.00916201 1 13319
0.0129 -4 -4 0 3603 0.0993042 -0.235388 -0.129372 0.00339258 0.0269823 -0.0127021 1 13323
0 0 -4 0 3603 0.169628 -0.224628 -0.0940971 0.00395787 0.0227309 -0.0163718 1 13327
0.01305 -5 0 0 3604 0.0438662 -0.155865 -0.105442 -0.000974774 0.0195685 -0.0101027 1 13331
0.01305 -5 -1 0 3604 0.0547752 -0.233835 -0.203012 0.00504637 0.0277574 -0.0144041 1 13335
0 0 -4 0 3604 0.108254 -0.239153 -0.0719662 0.00381863 0.0249284 -0.0173624 1 13339
0.01305 -5 0 0 3604 -0.00915718 -0.15308 -0.167923 -0.00196016 0.0197095 -0.0113327 1 13343
0.01305 -5 -4 0 3604 0.0226812 -0.181108 -0.245062 0.00456822 0.0252699 -0.0159958 1 13347
0.01305 -5 -4 0 3604 0.0938168 -0.269047 -0.0452003 0.00401628 0.0271241 -0.019366 1 13351
0.01305 -5 -4 0 3604 0.0173454 -0.172466 -0.183243 -0.0028857 0.0200199 -0.0129052 1 13355
0.01305 -5 -4 0 3604 -0.0153379 -0.152113 -0.226013 0.0040611 0.0253798 -0.0158485 1 13359
0.01305 -5 -6 0 3604 0.032546 -0.208899 -0.0596504 0.00331438 0.0279861 -0.019907 1 13363
0.01305 -5 -5 0 3604 0.0465212 -0.170506 -0.182581 -0.00347674 0.0198938 -0.0139401 1 13367
0.01305 -5 -4 0 3604 0.0531874 -0.12796 -0.072319 0.00270188 0.0264118 -0.0175141 1 13371
0.01305 -5 -5 0 3604 -0.0164404 -0.237049 -0.15753 0.00433993 0.0289448 -0.0212723 1 13375
0.01305 -5 -5 0 3604 0.0188828 -0.229317 -0.161583 -0.00338924 0.0205607 -0.0147512 1 13379
0.01305 -5 -4 0 3604 -0.00410938 -0.110058 -0.214651 0.0040735 0.0238266 -0.0177457 1 13383
0.01305 -5 -5 0 3604 -0.0634785 -0.178255 -0.192663 0.00443757 0.0281791 -0.021367 1 13387
0.01305 -5 -4 0 3604 -0.0438156 -0.15873 -0.12015 -0.00482297 0.020375 -0.0145446 1 13391
0.01305 -5 -4 0 3604 -0.0321865 -0.161581 -0.237257 0.0059154 0.0244702 -0.0186181 1 13396
0 0 -4 0 3604 -0.11302 -0.212284 -0.213921 -0.00133896 0.0242884 -0.0187115 1 13400
0.01305 -5 0 0 3604 -0.0269613 -0.243284 -0.255735 -0.0042727 0.01979 -0.0149458 1 13405
0.01305 -5 -5 0 3604 0.0267506 -0.0678291 -0.183239 0.0074563 0.0253076 -0.0189852 1 13409
0.01305 -5 -5 0 3604 -0.0751524 -0.165007 -0.237751 0.00065279 0.0234528 -0.0199487 1 13413
0.01305 -5 -5 0 3604 -0.0784655 -0.283558 -0.273361 -0.00420856 0.0216369 -0.0156682 1 13417
0.01305 -5 -4 0 3604 -5.34058e-05 -0.125683 -0.15526 0.00620663 0.0239599 -0.0192576 1 13421
0.01305 -5 -4 0 3604 -0.0668354 -0.162663 -0.300886 -0.00239944 0.0221165 -0.0182514 1 13426
0.01305 -5 -5 0 3604 0.0337849 -0.186035 -0.195297 0.00424051 0.0224035 -0.0180993 1 13432
0.01305 -5 -5 0 3604 -0.0650311 -0.139608 -0.296253 0.00515032 0.0208315 -0.0199425 1 13436
0.01305 -5 -5 0 3604 -0.0938578 -0.186443 -0.239113 -0.00134671 0.0196135 -0.0157919 1 13441
0.01305 -5 -4 0 3604 0.0459366 -0.181694 -0.239586 0.00476611 0.0228012 -0.020118 1 13446
0.01305 -5 -4 0 3604 -0.0175819 -0.111254 -0.26362 -0.00061655 0.0196147 -0.0179707 1 13450
0 0 -5 0 3604 -0.10479 -0.164734 -0.265131 -0.00197172 0.0205424 -0.0164344 1 13454
0.01305 -5 0 0 3604 0.0178699 -0.280066 -0.196865 0.00315249 0.0237812 -0.0185531 1 13458
0.01305 -5 -5 0 3604 -0.0183458 -0.110205 -0.243185 -0.000649691 0.0205688 -0.0184564 1 13462
0.01305 -5 -3 0 3604 -0.0980282 -0.137489 -0.221479 -0.00139856 0.0201539 -0.0167647 1 13466
0.01305 -5 -5 0 3604 -0.0215359 -0.177814 -0.126186 0.0042696 0.0258558 -0.018455 1 13470
0.01305 -5 -4 0 3604 -0.026185 -0.145391 -0.225782 -0.00103772 0.0181518 -0.0182598 1 13474
0.01305 -5 -4 0 3604 -0.0636625 -0.175011 -0.258202 0.00333536 0.0237542 -0.0178553 1 13480
0.01305 -5 -4 0 3604 0.0284786 -0.227333 -0.209198 -0.00191569 0.0222913 -0.0189987 1 13484
0.01305 -5 -4 0 3604 -0.0397367 -0.0559292 -0.156208 -0.00105941 0.0181612 -0.0154521 1 13490
0 0 -5 0 3604 -0.111831 -0.194553 -0.264893 0.0043776 0.0237809 -0.0196137 1 13493
0.01305 -5 0 0 3604 -0.0229969 -0.280439 -0.208628 -0.00215268 0.0227499 -0.019329 1 13498
0.01305 -5 -4 0 3604 -0.0348969 -0.145489 -0.198845 0.000460505 0.0175459 -0.0155619 1 13502
0.01305 -5 -4 0 3604 -0.0515232 -0.125818 -0.255383 0.00641155 0.0248761 -0.0201618 1 13506
0.01305 -5 -4 0 3604 -0.0297117 -0.208878 -0.151211 -0.00272989 0.0226908 -0.0187573 1 13510
0.01305 -5 -3 0 3604 0.00723171 -0.190207 -0.118393 -0.00184798 0.0179771 -0.01602 1 13515
0.01305 -5 -3 0 3604 -0.0339851 -0.132561 -0.255491 0.00721002 0.0230427 -0.0193751 1 13519
0.01305 -5 -5 0 3604 -0.0436029 -0.238554 -0.176693 -0.00337636 0.0209703 -0.0175182 1 13523
0.01305 -5 -4 0 3604 0.0273819 -0.183956 -0.259674 0.00214136 0.0192008 -0.0171649 1 13529
0.0129 -4 -6 0 3603 0.0335922 -0.105362 -0.207903 0.00304329 0.0221764 -0.0179917 1 13533
0.01305 -5 -4 0 3604 -0.0923042 -0.176172 -0.19521 -0.00211489 0.0210327 -0.0175797 1 13536
0.01305 -5 -5 0 3604 -0.0307188 -0.259203 -0.232162 0.00168359 0.0204456 -0.0173481 1 13540
0.01305 -5 -5 0 3604 0.0238743 -0.179152 -0.180605 0.00270879 0.0214914 -0.0174393 1 13544
0.01305 -5 -6 0 3604 -0.0383568 -0.132442 -0.222097 -0.00233984 0.0186747 -0.0172724 1 13549
0.01305 -5 -5 0 3604 0.0207672 -0.20048 -0.214392 0.00248134 0.0219115 -0.017984 1 13554
0.01305 -5 -5 0 3604 0.0151167 -0.138762 -0.195709 -6.03199e-05 0.0199813 -0.0181772 1 13559
0 0 -4 0 3604 -0.101257 -0.196831 -0.183798 0.000295401 0.0225374 -0.0155083 1 13564
0.01305 -5 0 0 3604 0.0758648 -0.24123 -0.182384 0.00156653 0.0229675 -0.0191119 1 13569
0.01305 -5 -5 0 3604 -0.00663471 -0.115543 -0.154884 0.00028789 0.017572 -0.0162066 1 13574
0.01305 -5 -5 0 3604 -0.0558834 -0.273754 -0.27387 0.00319672 0.0230935 -0.0200133 1 13579
0.01305 -5 -5 0 3604 0.0379906 -0.182669 -0.103064 -0.00297225 0.0177405 -0.017311 1 13584
0.0129 -4 -4 0 3603 -0.099061 -0.115791 -0.263721 0.00269389 0.0217393 -0.0169948 1 13589
0.01305 -5 -3 0 3604 0.0491514 -0.223461 -0.091835 -1.19209e-05 0.022791 -0.018127 1 13594
0.01305 -5 -4 0 3604 -0.0329361 -0.11529 -0.196749 -0.000620604 0.018199 -0.016865 1 13599
0.0129 -4 -5 0 3603 -0.0704308 -0.167828 -0.18598 0.00429869 0.0222696 -0.0186655 1 13604
0.01305 -5 -4 0 3604 0.0442324 -0.174524 -0.156647 -0.00423491 0.0174829 -0.0175813 1 13609
0.01305 -5 -5 0 3604 -0.0584984 -0.113703 -0.186375 0.00339603 0.0210537 -0.016262 1 13614
0.01305 -5 -5 0 3604 0.0157108 -0.230408 -0.190374 -0.00102043 0.0228449 -0.017636 1 13619
0.01305 -5 -4 0 3604 -0.00191784 -0.164051 -0.160746 -0.00107861 0.0181945 -0.0155025 1 13624
0.0129 -4 -4 0 3603 -0.0258303 -0.213997 -0.185867 0.00371325 0.0234089 -0.0194682 1 13629
0.01305 -5 -4 0 3604 0.0760918 -0.217867 -0.114588 -0.00332677 0.0168403 -0.0174872 1 13634
0.01305 -5 -3 0 3604 -0.0749483 -0.103113 -0.176756 0.00568151 0.020254 -0.0187172 1 13639
0.01305 -5 -5 0 3604 -0.0343227 -0.253498 -0.112421 -0.00175524 0.021006 -0.0177049 1 13644
0.01305 -5 -6 0 3604 0.0511093 -0.136942 -0.202242 0.00215137 0.0188479 -0.0162165 1 13650
0.01305 -5 -4 0 3604 -0.0164013 -0.148697 -0.138359 0.00345194 0.0230067 -0.0176386 1 13655
0.01305 -5 -4 0 3604 0.0104856 -0.237209 -0.09515 -0.00236857 0.0189921 -0.0165029 1 13660
0.01305 -5 -5 0 3604 0.0424185 -0.173111 -0.0908012 0.00399733 0.0182314 -0.0181918 1 13665
0.01305 -5 -5 0 3604 -0.0027914 -0.249947 -0.135782 -0.00239205 0.0202335 -0.0176295 1 13672
0.01305 -5 -6 0 3604 0.0495481 -0.168133 -0.140184 0.00268698 0.0186748 -0.017769 1 13675
0.01305 -5 -4 0 3604 -0.0516148 -0.140995 -0.160082 -0.000954628 0.0181236 -0.0184041 1 13682
0.01305 -5 -5 0 3604 -0.0130119 -0.236889 -0.187883 -1.01328e-05 0.0203249 -0.0169372 1 13686
0.01305 -5 -4 0 3604 0.0682545 -0.122841 -0.150352 0.00157976 0.019506 -0.0176536 1 13691
0.01305 -5 -5 0 3604 -0.021925 -0.176344 -0.171255 -8.30889e-05 0.0193368 -0.0177922 1 13695
0.01305 -5 -5 0 3604 0.071806 -0.297302 -0.103758 0.00173461 0.0194929 -0.0188597 1 13700
0.01305 -5 -4 0 3604 0.055007 -0.125282 -0.135099 -0.00024116 0.0180659 -0.0177918 1 13704
0.01305 -5 -5 0 3604 -0.0303593 -0.103231 -0.199095 -0.000662208 0.0193682 -0.0182985 1 13708
0.01305 -5 -4 0 3604 0.0795555 -0.266079 -0.102411 0.00177383 0.0191326 -0.0188168 1 13712
0.01305 -5 -4 0 3604 0.0594921 -0.12953 -0.129637 0.000116706 0.0185755 -0.017754 1 13716
0.01305 -5 -4 0 3604 -0.0610762 -0.129799 -0.124903 3.71933e-05 0.0194451 -0.0172632 1 13720
0.01305 -5 -5 0 3604 0.0458355 -0.256977 -0.160168 0.00133586 0.0194085 -0.018655 1 13724
0 0 -6 0 3604 0.140085 -0.16358 -0.145519 -0.000499725 0.0175829 -0.0172129 1 13728
0.01305 -5 0 0 3604 0.0312138 -0.0886364 -0.124121 0.00033474 0.0177316 -0.0168643 1 13732
0.01305 -5 -6 0 3604 -0.0175104 -0.25622 -0.166306 0.00294363 0.0197634 -0.0191383 1 13736
0.01305 -5 -4 0 3604 0.066927 -0.246836 -0.0649586 -0.00156498 0.0188873 -0.0169599 1 13740
0.01305 -5 -4 0 3604 0.0531759 -0.127672 -0.126177 -0.00161743 0.0158469 -0.0159761 1 13744
0.01305 -5 -5 0 3604 -0.00581646 -0.166407 -0.232939 0.00336361 0.0175202 -0.0188281 1 13748
0.01305 -5 -5 0 3604 0.0880423 -0.270058 -0.0906906 -0.00152969 0.0200035 -0.0168495 1 13752
0.01305 -5 -5 0 3604 0.0848713 -0.171741 -0.0696449 -0.0011425 0.0159619 -0.0161405 1 13756
0.01305 -5 -5 0 3604 0.0174809 -0.171713 -0.129545 0.00501657 0.0161203 -0.0181797 1 13760
0.01305 -5 -4 0 3604 0.0191851 -0.20507 -0.0375824 -0.00324738 0.0178049 -0.0164272 1 13765
0 0 -3 0 3604 0.122963 -0.233068 -0.162249 -0.00160837 0.0160248 -0.0162334 1 13769
0 0 0 0 3604 0.108089 -0.114929 -0.159369 0.00568306 0.0159577 -0.0174171 1 13773
0.01305 -5 0 0 3604 0.035243 -0.169411 -0.0884037 -0.00221777 0.0185679 -0.0160643 1 13777
0.01305 -5 -5 0 3604 0.0904875 -0.296535 -0.157635 -0.00173664 0.0172892 -0.0153021 1 13781
0.01305 -5 -4 0 3604 0.0782719 -0.0958061 -0.164158 0.00627482 0.0150447 -0.0168272 1 13785
0.01305 -5 -6 0 3604 0.0587683 -0.190201 -0.0415783 -0.00234413 0.0182415 -0.0157026 1 13789
0 0 -4 0 3604 0.111812 -0.287491 -0.0794353 -0.000679493 0.0184275 -0.014276 1 13793
0.01305 -5 0 0 3604 0.0649681 -0.171913 -0.137714 0.00755966 0.0166121 -0.0164346 1 13799
