1.00 316 259 351
2.00 316 259 351
4.00 317 259 351
5.00 317 259 352
7.00 317 259 352
8.00 317 259 351
9.00 316 259 351
11.00 317 259 351
12.00 317 259 351
14.00 316 259 351
15.00 316 259 351
17.00 316 259 351
18.00 316 259 351
20.00 316 260 351
21.00 316 259 351
23.00 316 259 351
24.00 317 259 351
25.00 317 259 351
27.00 316 259 351
28.00 316 259 351
30.00 316 259 351
31.00 316 259 351
33.00 316 259 351
34.00 316 259 351
36.00 316 259 351
37.00 316 258 351
39.00 316 258 351
40.00 316 258 351
41.00 316 258 351
44.00 316 258 351
45.00 316 258 352
47.00 316 258 351
48.00 316 258 352
50.00 316 259 351
51.00 316 259 351
53.00 316 259 352
54.00 316 259 352
56.00 316 259 352
57.00 316 259 351
59.00 316 259 352
60.00 316 259 352
61.00 316 259 352
63.00 316 259 352
64.00 316 259 352
66.00 316 259 352
67.00 316 259 352
69.00 316 259 352
70.00 316 259 352
72.00 316 259 353
73.00 316 259 352
75.00 316 259 353
76.00 316 259 353
78.00 316 260 353
79.00 316 260 352
80.00 316 260 352
82.00 316 260 353
83.00 316 260 353
86.00 316 260 353
87.00 316 260 353
89.00 316 260 353
90.00 316 260 353
92.00 316 261 353
93.00 316 261 353
95.00 316 260 353
96.00 316 260 353
97.00 316 260 353
99.00 317 260 353
100.00 317 260 353
102.00 316 261 353
103.00 317 261 353
105.00 317 261 353
107.00 316 261 353
108.00 317 261 353
110.00 317 262 353
111.00 317 261 353
113.00 317 261 353
114.00 317 261 353
116.00 317 261 353
117.00 317 261 353
119.00 317 261 352
120.00 317 261 353
122.00 317 261 352
123.00 317 261 352
125.00 317 261 352
126.00 317 260 352
129.00 317 260 352
131.00 317 261 352
132.00 317 261 352
134.00 317 261 352
135.00 317 261 351
137.00 317 261 351
138.00 317 261 351
140.00 318 261 351
141.00 317 261 350
143.00 317 261 350
144.00 317 261 350
146.00 318 261 350
147.00 317 261 350
149.00 318 261 350
150.00 318 261 350
152.00 318 261 350
153.00 318 260 350
155.00 317 260 350
157.00 317 260 350
158.00 317 260 350
160.00 317 260 349
161.00 317 260 349
163.00 317 260 349
164.00 317 260 349
166.00 317 260 349
167.00 318 260 350
169.00 318 260 349
171.00 318 260 349
173.00 318 261 349
174.00 318 261 350
176.00 318 261 350
177.00 317 261 350
179.00 317 261 350
180.00 317 261 350
182.00 317 261 351
184.00 317 261 351
185.00 317 261 351
187.00 317 261 351
188.00 317 260 352
190.00 316 260 352
191.00 316 260 352
193.00 316 260 351
194.00 316 260 352
196.00 316 259 352
197.00 316 259 352
199.00 316 259 352
200.00 316 259 352
202.00 316 259 352
203.00 316 259 352
205.00 316 259 352
207.00 316 259 353
208.00 316 259 353
210.00 315 259 353
211.00 315 259 353
214.00 316 259 353
215.00 316 259 353
217.00 316 259 353
218.00 316 259 353
220.00 315 259 353
221.00 316 259 353
223.00 316 259 353
224.00 316 259 353
226.00 316 260 353
227.00 316 260 353
229.00 317 260 352
230.00 317 260 352
232.00 317 260 352
234.00 316 260 352
235.00 317 260 352
237.00 316 260 353
238.00 317 260 352
240.00 317 260 352
241.00 317 261 352
243.00 317 261 352
244.00 317 261 352
246.00 317 261 352
247.00 317 261 352
249.00 317 261 352
250.00 317 261 352
252.00 317 261 351
253.00 317 261 352
256.00 317 261 351
257.00 317 261 352
259.00 317 261 351
261.00 317 261 352
262.00 317 261 352
264.00 317 260 351
265.00 317 260 352
267.00 317 260 352
268.00 317 260 351
270.00 317 259 352
271.00 317 259 351
273.00 317 259 351
274.00 317 259 352
276.00 317 258 351
277.00 317 258 351
279.00 317 258 351
281.00 317 258 351
282.00 317 258 351
284.00 316 257 351
285.00 317 257 350
287.00 317 257 350
288.00 316 257 350
290.00 316 257 350
291.00 317 257 350
293.00 316 257 350
294.00 317 257 350
296.00 317 257 350
297.00 317 257 350
300.00 317 257 350
302.00 317 257 350
303.00 317 257 350
305.00 317 257 349
306.00 317 258 350
308.00 317 258 350
309.00 317 258 350
311.00 317 258 350
312.00 317 258 350
314.00 317 259 350
315.00 317 259 350
317.00 317 259 350
318.00 317 259 350
320.00 317 259 350
322.00 317 259 350
323.00 317 259 350
325.00 317 259 350
326.00 317 259 350
328.00 317 259 350
329.00 317 259 350
331.00 317 259 351
332.00 317 259 351
334.00 317 259 351
335.00 317 259 351
337.00 317 259 351
338.00 317 259 351
340.00 317 259 351
343.00 317 259 351
344.00 317 259 351
346.00 317 259 351
347.00 317 259 351
349.00 317 259 351
350.00 317 259 352
352.00 317 259 351
353.00 316 259 352
355.00 316 259 352
356.00 316 260 352
358.00 316 259 352
359.00 316 260 352
361.00 316 260 352
363.00 316 260 352
364.00 316 260 352
366.00 316 260 352
367.00 316 260 352
369.00 316 260 352
370.00 316 260 353
372.00 316 260 352
373.00 316 260 352
375.00 316 260 352
376.00 316 261 352
378.00 316 261 352
379.00 316 261 352
381.00 316 260 352
384.00 316 261 352
385.00 316 261 352
387.00 316 261 352
388.00 316 261 353
390.00 316 261 352
391.00 316 261 353
393.00 316 261 353
394.00 316 261 353
396.00 316 261 352
397.00 316 261 352
399.00 316 261 353
400.00 316 261 353
402.00 316 261 352
404.00 316 261 353
405.00 316 261 353
407.00 315 260 353
408.00 316 260 353
410.00 316 260 353
411.00 315 260 353
413.00 316 259 353
414.00 316 259 352
416.00 316 259 352
417.00 316 259 352
419.00 316 259 352
420.00 316 259 353
422.00 316 258 353
424.00 316 259 352
425.00 316 258 352
428.00 316 258 352
429.00 316 258 352
431.00 315 258 352
432.00 316 258 352
434.00 316 258 352
435.00 316 259 352
437.00 316 259 352
438.00 316 259 352
440.00 316 259 352
441.00 316 259 352
443.00 316 259 352
445.00 316 260 352
446.00 317 260 352
448.00 316 261 352
449.00 316 261 351
451.00 317 261 351
452.00 317 261 351
454.00 317 261 352
455.00 317 261 351
457.00 317 262 351
458.00 317 261 351
460.00 317 261 351
461.00 317 263 351
463.00 318 262 351
465.00 318 262 352
466.00 319 262 352
468.00 319 262 352
470.00 318 261 351
472.00 318 261 351
473.00 319 262 352
475.00 319 262 351
476.00 318 261 351
478.00 318 261 351
479.00 317 260 351
481.00 317 260 350
482.00 317 261 350
484.00 317 259 350
486.00 317 260 351
487.00 317 259 351
489.00 317 259 351
490.00 317 259 351
492.00 317 259 351
493.00 316 259 350
495.00 316 259 350
496.00 316 259 350
498.00 316 259 351
499.00 316 259 351
501.00 316 259 351
502.00 316 259 352
504.00 316 259 351
506.00 316 259 351
507.00 317 259 351
509.00 316 259 351
510.00 317 259 351
513.00 316 259 351
514.00 316 260 351
516.00 316 260 352
517.00 316 260 351
519.00 316 260 352
520.00 316 260 351
522.00 317 261 352
523.00 316 261 351
525.00 316 261 351
527.00 316 261 352
528.00 316 261 351
530.00 316 261 352
531.00 316 261 351
533.00 316 261 352
534.00 316 261 351
536.00 316 260 352
537.00 316 260 352
539.00 316 260 352
540.00 316 260 352
542.00 316 260 352
543.00 316 260 352
545.00 316 260 352
547.00 316 259 352
548.00 316 259 352
550.00 316 260 352
551.00 316 259 352
553.00 316 259 352
555.00 316 260 352
557.00 316 260 352
558.00 316 260 352
560.00 316 260 352
561.00 317 260 352
563.00 316 260 352
564.00 316 260 352
566.00 316 260 352
568.00 316 260 352
569.00 316 261 352
571.00 317 261 352
572.00 317 261 352
574.00 318 262 353
575.00 317 261 352
577.00 317 261 352
578.00 317 261 352
580.00 317 262 352
581.00 317 262 352
583.00 317 262 352
584.00 317 261 352
586.00 317 261 352
588.00 317 261 352
589.00 317 261 352
591.00 317 261 352
592.00 317 261 352
594.00 317 261 352
595.00 317 260 352
598.00 316 260 352
599.00 316 260 352
601.00 316 260 352
602.00 316 259 351
604.00 316 259 351
605.00 316 259 351
607.00 316 259 351
609.00 316 259 351
610.00 316 259 351
612.00 316 259 351
613.00 316 258 350
615.00 316 259 350
616.00 316 259 351
618.00 316 259 350
619.00 316 259 350
621.00 316 259 350
622.00 316 259 350
624.00 316 259 350
625.00 316 259 350
627.00 316 259 350
629.00 316 259 350
630.00 317 259 350
632.00 317 259 349
633.00 317 259 349
635.00 317 259 349
636.00 317 259 349
638.00 317 260 349
640.00 316 259 350
642.00 317 260 349
643.00 317 260 349
645.00 317 260 349
646.00 317 260 349
648.00 317 260 350
650.00 317 260 350
651.00 317 260 350
653.00 317 260 350
654.00 317 260 351
656.00 317 260 350
657.00 317 260 351
659.00 317 260 350
660.00 317 260 351
662.00 317 260 351
663.00 317 260 351
665.00 317 260 351
666.00 317 260 351
668.00 317 260 352
670.00 317 260 351
671.00 317 260 352
673.00 317 260 352
674.00 317 260 352
676.00 317 260 351
677.00 317 260 352
679.00 317 261 352
680.00 317 261 352
683.00 317 261 351
684.00 317 261 352
686.00 317 261 352
687.00 317 261 352
689.00 316 261 352
691.00 317 261 352
692.00 317 261 352
694.00 317 261 352
695.00 317 261 352
697.00 317 261 352
698.00 317 261 352
700.00 317 261 352
701.00 317 261 352
703.00 317 261 352
704.00 317 261 352
706.00 317 260 352
707.00 317 260 351
709.00 317 260 351
711.00 317 260 352
712.00 317 260 351
714.00 316 260 352
715.00 316 259 351
717.00 316 259 351
718.00 317 259 352
720.00 316 258 351
721.00 316 258 351
723.00 316 258 351
724.00 316 258 351
727.00 316 258 351
728.00 317 258 351
730.00 316 258 351
732.00 316 258 351
733.00 316 257 351
735.00 316 258 351
736.00 316 258 351
738.00 316 257 351
739.00 316 257 351
741.00 316 258 351
742.00 316 258 351
744.00 316 258 351
745.00 316 259 351
747.00 316 259 351
748.00 316 259 351
750.00 316 259 351
752.00 316 260 351
753.00 316 260 351
755.00 317 260 351
756.00 317 260 351
758.00 317 261 351
759.00 317 261 351
761.00 317 261 351
762.00 317 261 351
764.00 317 261 351
765.00 316 261 351
768.00 316 260 352
769.00 317 260 352
771.00 316 260 352
773.00 316 260 352
774.00 316 259 352
776.00 316 259 352
777.00 316 259 352
779.00 316 259 352
780.00 316 259 352
782.00 316 259 352
783.00 316 259 352
785.00 316 259 352
786.00 315 259 352
788.00 316 260 352
789.00 316 259 352
791.00 316 259 352
793.00 316 259 353
794.00 316 259 353
796.00 316 259 353
797.00 316 259 352
799.00 316 259 352
800.00 316 259 352
802.00 316 259 353
803.00 316 259 352
805.00 316 259 352
806.00 316 258 352
808.00 317 259 352
809.00 317 259 352
812.00 317 259 352
814.00 317 259 352
815.00 317 259 351
817.00 317 260 352
818.00 317 260 351
820.00 317 259 351
821.00 317 259 351
823.00 317 259 351
824.00 317 259 351
826.00 316 259 351
827.00 317 259 350
829.00 317 259 350
830.00 317 259 350
832.00 317 259 350
834.00 317 259 351
835.00 317 259 350
837.00 317 259 350
838.00 317 259 350
840.00 317 259 350
841.00 317 259 351
843.00 317 259 351
844.00 317 259 350
846.00 317 259 351
847.00 317 260 351
849.00 317 259 351
850.00 317 259 351
852.00 317 259 351
855.00 317 260 351
856.00 317 260 351
858.00 317 260 351
859.00 317 260 351
861.00 317 260 352
862.00 317 260 351
864.00 317 260 352
865.00 317 260 352
867.00 317 260 352
868.00 317 260 352
870.00 317 260 352
871.00 317 260 352
873.00 318 261 352
875.00 318 261 352
876.00 318 261 352
878.00 318 261 352
879.00 318 261 352
881.00 318 261 352
882.00 318 261 352
884.00 318 261 352
885.00 317 261 352
887.00 318 261 352
888.00 318 261 352
890.00 318 260 352
891.00 318 260 351
893.00 318 260 352
896.00 318 260 351
897.00 317 259 351
899.00 317 259 351
900.00 318 259 350
902.00 317 258 350
903.00 317 258 350
905.00 317 258 350
906.00 317 258 350
908.00 317 258 350
909.00 317 258 349
911.00 317 258 349
912.00 317 258 349
914.00 317 258 349
916.00 317 258 349
917.00 317 258 349
919.00 317 258 349
920.00 317 258 349
922.00 317 258 349
923.00 317 258 350
925.00 317 258 350
926.00 317 258 350
928.00 317 259 350
929.00 317 259 350
931.00 317 260 351
932.00 317 260 351
934.00 317 260 351
936.00 317 260 351
937.00 317 261 352
940.00 317 261 351
941.00 317 261 352
943.00 318 261 352
944.00 317 262 352
946.00 319 263 353
947.00 319 263 354
949.00 318 263 353
950.00 319 264 354
952.00 319 263 354
953.00 319 263 353
955.00 318 263 352
957.00 318 263 353
958.00 318 263 353
960.00 317 263 353
961.00 317 262 353
963.00 317 263 352
964.00 317 263 352
966.00 317 262 352
967.00 317 262 352
969.00 317 262 352
970.00 317 263 352
972.00 317 262 353
973.00 317 262 352
975.00 316 262 352
977.00 317 262 352
978.00 316 262 352
980.00 316 262 352
982.00 317 262 352
984.00 317 261 353
985.00 317 261 352
987.00 316 261 352
988.00 317 261 352
990.00 316 261 352
991.00 316 261 352
993.00 316 260 352
994.00 317 260 352
996.00 317 260 352
998.00 316 260 351
999.00 317 260 351
1001.00 316 260 351
1002.00 316 260 352
1004.00 316 260 351
1005.00 316 260 351
1007.00 316 260 351
1009.00 316 260 351
1010.00 316 260 352
1012.00 316 260 351
1013.00 316 260 351
1015.00 316 260 351
1017.00 316 260 351
1018.00 317 260 351
1020.00 316 261 350
1021.00 316 261 351
1024.00 316 261 351
1026.00 317 261 351
1027.00 317 261 352
1029.00 317 261 351
1030.00 317 261 351
1032.00 317 262 351
1034.00 317 261 351
1035.00 317 261 352
1037.00 317 261 351
1038.00 317 261 352
1040.00 318 261 352
1042.00 317 261 352
1043.00 318 261 352
1045.00 317 261 352
1046.00 317 261 351
1048.00 317 261 352
1050.00 317 261 352
1051.00 317 261 352
1053.00 317 261 351
1054.00 317 261 351
1056.00 317 261 351
1058.00 317 261 351
1059.00 317 261 352
1061.00 317 260 351
1062.00 317 260 351
1064.00 317 260 351
1067.00 317 260 351
1068.00 317 260 351
1070.00 317 260 351
1071.00 317 260 350
1073.00 317 260 350
1075.00 317 260 350
1076.00 317 260 351
1078.00 317 260 350
1079.00 317 260 350
1081.00 317 260 350
1083.00 317 260 350
1084.00 317 260 350
1086.00 317 260 350
1087.00 317 260 350
1089.00 317 260 350
1091.00 317 260 350
1092.00 317 260 350
1094.00 317 260 350
1095.00 317 260 350
1097.00 317 260 350
1099.00 317 260 350
1100.00 317 260 350
1102.00 317 260 351
1103.00 317 260 350
1105.00 317 260 351
1107.00 317 260 351
1108.00 317 259 351
1111.00 317 259 351
1112.00 317 259 351
1114.00 317 259 351
1116.00 317 259 351
1117.00 317 259 351
1119.00 317 260 351
1120.00 317 260 351
1122.00 317 260 351
1124.00 317 260 351
1125.00 317 260 351
1127.00 317 260 351
1128.00 317 260 351
1130.00 317 260 351
1132.00 317 259 351
1133.00 317 259 352
1135.00 317 258 352
1136.00 317 258 352
1138.00 317 258 351
1140.00 317 258 351
1141.00 317 258 352
1143.00 317 258 352
1144.00 317 259 351
1146.00 317 259 351
1148.00 317 259 351
1149.00 317 258 351
1152.00 317 259 350
1153.00 317 259 351
1155.00 317 258 351
1157.00 317 258 351
1158.00 317 258 351
1160.00 317 258 351
1161.00 317 258 351
1163.00 317 258 350
1165.00 317 258 351
1166.00 317 258 351
1168.00 317 258 351
1169.00 317 258 351
1171.00 317 258 351
1173.00 317 258 351
1174.00 317 258 351
1176.00 317 258 350
1177.00 317 258 350
1179.00 317 258 350
1181.00 317 258 350
1182.00 317 258 350
1184.00 317 258 350
1185.00 317 259 350
1187.00 317 259 350
1189.00 317 259 350
1190.00 317 259 350
1192.00 317 259 350
1193.00 317 259 350
1196.00 317 259 350
1198.00 316 259 351
1199.00 317 259 351
1201.00 316 259 351
1202.00 316 260 351
1204.00 316 259 351
1206.00 316 260 351
1207.00 317 259 352
1209.00 317 260 352
1210.00 317 260 352
1212.00 316 260 352
1214.00 316 260 352
1215.00 317 260 353
1217.00 316 260 353
1218.00 316 260 352
1220.00 316 260 353
1222.00 316 260 353
1223.00 317 259 353
1225.00 316 259 353
1226.00 317 259 354
1228.00 317 259 354
1230.00 317 259 354
1231.00 317 259 354
1233.00 317 258 354
1234.00 316 258 354
1236.00 316 258 354
1239.00 316 258 353
1240.00 316 257 354
1242.00 317 257 354
1243.00 316 258 353
1245.00 316 258 353
1247.00 316 258 353
1248.00 316 258 354
1250.00 316 257 353
1251.00 316 257 353
1253.00 316 258 353
1255.00 316 258 353
1256.00 316 258 353
1258.00 316 258 353
1259.00 316 258 353
1261.00 316 258 352
1263.00 316 258 352
1264.00 317 258 352
1266.00 317 259 352
1267.00 317 259 352
1269.00 317 259 352
1271.00 317 259 352
1272.00 317 259 352
1274.00 317 259 351
1275.00 318 260 351
1277.00 318 260 351
1280.00 318 260 351
1281.00 318 260 351
1283.00 318 260 351
1284.00 318 260 351
1286.00 318 260 351
1288.00 318 260 350
1289.00 318 260 351
1291.00 318 260 350
1292.00 318 260 350
1294.00 318 260 350
1296.00 318 260 350
1297.00 318 260 350
1299.00 318 260 350
1300.00 318 260 350
1302.00 318 260 350
1304.00 317 260 350
1305.00 318 259 350
1307.00 317 259 350
1308.00 317 259 350
1310.00 317 259 350
1312.00 317 259 350
1313.00 317 259 350
1315.00 317 259 350
1316.00 317 259 350
1318.00 317 259 351
1320.00 316 259 351
1321.00 316 259 351
1324.00 316 259 351
1325.00 316 259 351
1327.00 316 259 351
1329.00 316 259 352
1330.00 316 259 352
1332.00 316 260 353
1333.00 316 260 353
1335.00 316 260 353
1337.00 316 260 353
1338.00 316 260 354
1340.00 316 261 354
1341.00 316 261 354
1343.00 316 261 354
1345.00 316 261 354
1346.00 316 261 355
1348.00 317 261 355
1349.00 316 261 355
1351.00 316 261 355
1353.00 316 261 355
1354.00 317 261 355
1356.00 317 261 355
1357.00 317 261 355
1359.00 317 261 355
1361.00 317 261 355
1362.00 317 261 355
1364.00 317 261 355
1366.00 317 261 354
1368.00 318 261 354
1370.00 318 261 354
1371.00 318 261 354
1373.00 318 262 354
1374.00 318 262 353
1376.00 318 261 353
1378.00 318 262 353
1379.00 318 261 353
1381.00 318 261 353
1382.00 318 261 353
1384.00 318 261 353
1386.00 319 261 352
1387.00 318 261 352
1389.00 319 261 352
1390.00 318 260 351
1392.00 318 260 351
1394.00 318 260 351
1395.00 318 260 350
1397.00 318 259 350
1398.00 318 259 350
1400.00 318 258 350
1402.00 318 258 350
1403.00 318 258 350
1405.00 318 257 350
1406.00 318 257 350
1409.00 318 257 350
1411.00 318 257 349
1412.00 317 256 350
1414.00 317 256 350
1415.00 317 256 349
1417.00 317 256 350
1419.00 317 256 350
1420.00 317 256 350
1422.00 317 256 350
1423.00 317 255 350
1425.00 317 255 350
1427.00 317 255 350
1428.00 317 256 351
1430.00 317 255 351
1431.00 317 256 350
1433.00 317 256 350
1435.00 317 256 351
1436.00 317 256 351
1438.00 317 257 351
1439.00 317 257 351
1441.00 317 257 351
1443.00 317 257 351
1444.00 317 258 351
1446.00 317 258 352
1447.00 317 258 351
1449.00 317 258 351
1452.00 317 258 351
1453.00 317 258 351
1455.00 317 258 351
1456.00 317 258 351
1458.00 317 258 351
1460.00 317 259 351
1461.00 317 259 351
1463.00 317 259 351
1464.00 317 259 351
1466.00 316 259 351
1468.00 316 259 351
1469.00 316 259 351
1471.00 316 259 351
1472.00 316 259 351
1474.00 316 260 351
1476.00 316 260 351
1477.00 315 260 351
1479.00 316 260 351
1480.00 316 260 352
1482.00 316 260 352
1484.00 315 260 352
1485.00 315 260 352
1487.00 315 260 352
1488.00 315 260 352
1490.00 315 260 353
1492.00 315 260 352
1494.00 315 260 353
1496.00 315 260 353
1497.00 315 260 353
1499.00 315 260 353
1501.00 315 260 353
1502.00 315 260 353
1504.00 315 260 353
1505.00 316 260 353
1507.00 316 260 354
1509.00 316 260 354
1510.00 316 260 354
1512.00 316 261 354
1513.00 316 260 354
1515.00 316 260 353
1517.00 316 260 354
1518.00 316 261 354
1520.00 316 260 354
1521.00 316 261 354
1523.00 316 260 354
1525.00 316 260 354
1526.00 316 260 354
1528.00 316 259 353
1529.00 316 259 353
1531.00 316 259 353
1533.00 316 259 353
1534.00 316 259 353
1537.00 316 259 353
1538.00 315 259 353
1540.00 316 259 353
1542.00 316 259 353
1543.00 316 259 353
1545.00 316 258 352
1546.00 316 259 352
1548.00 315 258 352
1550.00 316 258 352
1551.00 316 258 352
1553.00 316 258 351
1554.00 316 258 351
1556.00 316 258 351
1558.00 317 259 352
1559.00 317 259 351
1561.00 317 259 351
1562.00 317 259 351
1564.00 317 260 351
1566.00 318 260 350
1567.00 318 260 350
1569.00 318 260 350
1570.00 318 260 350
1572.00 318 260 349
1574.00 318 260 350
1575.00 319 260 350
1577.00 319 260 349
1579.00 319 261 349
1581.00 319 261 349
1583.00 319 261 349
1584.00 319 261 349
1586.00 319 261 349
1587.00 319 261 349
1589.00 319 261 349
1591.00 319 261 348
1592.00 319 261 348
1594.00 319 261 348
1595.00 319 261 348
1597.00 318 261 348
1599.00 318 261 348
1600.00 319 260 348
1602.00 318 260 347
1603.00 319 260 347
1605.00 318 260 347
1607.00 318 260 347
1608.00 319 260 347
1610.00 318 260 347
1611.00 318 260 348
1613.00 318 260 348
1615.00 318 260 348
1616.00 319 260 348
1618.00 318 260 347
1619.00 318 260 348
1622.00 318 260 348
1624.00 318 260 348
1625.00 319 260 348
1627.00 318 260 348
1628.00 318 260 348
1630.00 318 260 348
1632.00 317 260 349
1633.00 318 260 349
1635.00 318 260 349
1636.00 318 260 349
1638.00 317 259 349
1640.00 317 259 350
1641.00 318 259 350
1643.00 317 259 350
1644.00 317 260 350
1646.00 317 259 350
1648.00 317 259 350
1649.00 317 259 351
1651.00 317 259 351
1652.00 317 259 351
1654.00 317 259 351
1656.00 317 259 351
1657.00 317 260 351
1659.00 317 259 351
1660.00 317 260 351
1662.00 317 260 351
1665.00 316 261 351
1666.00 318 262 353
1668.00 318 262 354
1669.00 316 261 353
1671.00 317 261 354
1673.00 317 261 354
1674.00 317 260 354
1676.00 316 259 354
1677.00 316 259 353
1679.00 316 258 353
1681.00 316 259 354
1682.00 317 259 354
1684.00 316 259 353
1685.00 316 260 353
1687.00 317 260 354
1689.00 316 260 353
1690.00 316 261 354
1692.00 315 261 354
1693.00 316 261 353
1695.00 315 260 353
1697.00 316 260 353
1698.00 316 259 354
1700.00 316 259 353
1701.00 316 260 353
1703.00 317 260 353
1705.00 317 260 353
1707.00 317 261 353
1709.00 317 261 353
1710.00 317 262 353
1712.00 317 262 353
1714.00 317 262 353
1715.00 317 263 353
1717.00 317 263 352
1718.00 317 263 352
1720.00 318 263 352
1722.00 317 264 352
1723.00 318 263 352
1725.00 318 263 352
1726.00 317 263 352
1728.00 318 263 352
1730.00 318 262 352
1731.00 317 263 352
1733.00 317 262 352
1734.00 317 262 352
1736.00 317 261 352
1738.00 317 261 352
1739.00 317 261 352
1741.00 317 260 352
1742.00 317 260 352
1744.00 316 260 352
1746.00 316 260 352
1747.00 316 260 352
1750.00 316 260 352
1751.00 317 260 352
1753.00 316 260 352
1755.00 316 259 352
1756.00 316 260 352
1758.00 316 260 352
1759.00 316 260 352
1761.00 317 260 352
1763.00 317 260 352
1764.00 317 260 352
1766.00 317 260 352
1767.00 317 260 352
1769.00 317 260 352
1771.00 318 261 352
1772.00 318 261 353
1774.00 318 261 353
1775.00 318 261 353
1777.00 318 261 353
1779.00 318 261 353
1780.00 318 261 352
1782.00 318 261 352
1783.00 318 262 353
1785.00 318 261 352
1787.00 318 261 352
1788.00 317 262 352
1790.00 318 262 352
1792.00 318 262 352
1794.00 318 261 352
1796.00 318 262 352
1797.00 318 262 353
1799.00 317 261 352
1800.00 317 261 352
1802.00 317 261 352
1804.00 317 260 353
1805.00 317 260 353
1807.00 317 260 352
1808.00 317 260 352
1810.00 317 259 352
1812.00 317 259 352
1813.00 317 259 352
1815.00 317 258 351
1816.00 317 258 351
1818.00 317 258 352
1820.00 317 258 351
1821.00 317 258 351
1823.00 317 258 351
1824.00 317 258 351
1826.00 317 258 351
1828.00 317 258 351
1829.00 317 258 351
1831.00 317 258 350
1832.00 317 258 351
1835.00 317 258 351
1837.00 317 257 351
1838.00 317 257 351
1840.00 317 257 351
1841.00 317 257 351
1843.00 317 257 351
1845.00 317 257 351
1846.00 317 258 351
1848.00 317 258 350
1849.00 317 258 350
1851.00 317 258 350
1853.00 317 258 350
1854.00 317 258 350
1856.00 317 258 350
1857.00 317 258 349
1859.00 317 258 350
1861.00 317 258 350
1862.00 318 259 350
1864.00 318 259 350
1865.00 318 259 350
1867.00 318 259 350
1869.00 318 259 350
1870.00 318 260 350
1872.00 318 260 350
1873.00 318 260 350
1875.00 318 260 350
1878.00 318 260 350
1879.00 318 260 350
1881.00 318 260 350
1882.00 318 260 350
1884.00 318 260 350
1886.00 318 259 350
1887.00 318 260 351
1889.00 318 259 350
1890.00 318 259 351
1892.00 317 259 350
1894.00 318 259 351
1895.00 317 259 350
1897.00 317 259 351
1898.00 317 259 351
1900.00 317 259 351
1902.00 317 259 351
1903.00 317 259 351
1905.00 317 259 351
1906.00 316 260 351
1908.00 316 259 351
1910.00 316 260 351
1911.00 317 260 351
1913.00 317 260 351
1914.00 316 260 351
1916.00 316 260 352
1918.00 316 260 352
1920.00 316 261 352
1922.00 317 261 352
1923.00 317 261 352
1925.00 317 261 352
1927.00 316 261 352
1928.00 317 261 353
1930.00 317 261 353
1931.00 317 261 353
1933.00 317 261 353
1935.00 317 261 353
1936.00 317 261 353
1938.00 316 261 353
1939.00 317 260 353
1941.00 316 260 352
1943.00 316 260 353
1944.00 316 260 353
1946.00 316 260 353
1947.00 317 261 352
1949.00 316 261 352
1951.00 317 261 352
1952.00 317 261 352
1954.00 317 261 352
1955.00 317 261 352
1957.00 316 261 352
1959.00 317 261 351
1960.00 317 261 352
1963.00 316 261 351
1964.00 316 261 351
1966.00 316 260 351
1968.00 316 260 351
1969.00 316 260 351
1971.00 316 260 350
1972.00 316 260 350
1974.00 316 260 350
1976.00 316 260 350
1977.00 316 260 350
1979.00 316 260 350
1980.00 316 260 350
1982.00 316 260 350
1984.00 316 260 350
1985.00 316 260 351
1987.00 316 260 350
1988.00 316 260 351
1990.00 316 260 350
1992.00 316 260 350
1993.00 316 260 350
1995.00 316 260 350
1996.00 316 261 351
1998.00 316 261 351
2000.00 316 261 351
2001.00 316 261 351
2003.00 316 261 351
2004.00 316 261 351
2007.00 316 261 351
2009.00 316 261 351
2010.00 316 262 352
2012.00 316 261 351
2013.00 316 262 351
2015.00 316 262 352
2017.00 316 262 351
2018.00 316 261 352
2020.00 316 261 352
2021.00 316 261 352
2023.00 316 261 352
2025.00 316 260 352
2026.00 316 260 352
2028.00 316 260 352
2029.00 316 260 352
2031.00 316 259 352
2033.00 316 259 352
2034.00 315 259 352
2036.00 316 259 352
2037.00 316 259 351
2039.00 316 259 351
2041.00 316 259 351
2042.00 316 259 351
2044.00 316 259 351
2045.00 316 258 351
2048.00 316 258 351
2050.00 316 258 351
2051.00 316 258 351
2053.00 316 258 351
2054.00 317 258 350
2056.00 317 257 350
2058.00 317 257 350
2059.00 317 257 350
2061.00 317 257 349
2062.00 317 257 349
2064.00 317 257 349
2066.00 317 257 349
2067.00 317 257 349
2069.00 317 257 348
2070.00 317 258 348
2072.00 317 257 348
2074.00 317 257 348
2075.00 317 258 348
2077.00 317 258 348
2078.00 317 258 348
2080.00 317 258 348
2082.00 317 258 348
2083.00 317 258 348
2085.00 317 258 348
2086.00 317 258 349
2088.00 317 258 349
2091.00 316 258 349
2092.00 317 258 349
2094.00 317 258 349
2095.00 317 258 350
2097.00 316 258 349
2099.00 316 258 349
2100.00 317 258 349
2102.00 317 259 349
2103.00 317 259 349
2105.00 317 259 349
2107.00 317 260 349
2108.00 317 260 349
2110.00 317 260 349
2111.00 318 260 349
2113.00 318 260 349
2115.00 318 260 349
2116.00 318 260 350
2118.00 318 260 350
2119.00 318 260 350
2121.00 318 260 350
2123.00 318 260 351
2124.00 318 260 351
2126.00 317 260 350
2127.00 317 260 350
2129.00 317 260 350
2131.00 317 260 350
2132.00 317 260 350
2135.00 317 260 350
2136.00 317 261 349
2138.00 317 261 349
2140.00 317 261 349
2141.00 317 261 349
2143.00 317 261 349
2144.00 317 261 349
2146.00 317 261 350
2148.00 317 261 349
2149.00 318 261 350
2151.00 318 260 349
2152.00 318 261 349
2154.00 318 261 349
2156.00 318 261 349
2157.00 318 261 350
2159.00 318 261 349
2160.00 318 261 349
2162.00 318 260 349
2164.00 318 260 350
2165.00 318 260 349
2167.00 317 260 349
2168.00 317 260 349
2170.00 317 260 350
2172.00 317 260 350
2173.00 317 259 350
2176.00 317 259 350
2177.00 317 259 350
2179.00 317 259 350
2181.00 317 258 351
2182.00 317 258 351
2184.00 317 258 351
2185.00 317 258 351
2187.00 317 258 351
2189.00 317 258 351
2190.00 316 258 351
2192.00 316 258 351
2193.00 316 259 351
2195.00 317 258 351
2197.00 317 258 351
2198.00 317 259 351
2200.00 317 258 351
2201.00 317 258 351
2203.00 317 258 351
2205.00 317 258 352
2206.00 317 258 352
2208.00 317 258 352
2209.00 317 259 352
2211.00 317 258 352
2213.00 317 259 352
2214.00 317 259 352
2216.00 318 259 351
2217.00 317 259 351
2220.00 317 259 351
2222.00 317 259 350
2223.00 317 259 351
2225.00 317 258 351
2226.00 317 258 350
2228.00 317 258 350
2230.00 317 258 350
2231.00 317 259 350
2233.00 318 259 350
2234.00 318 260 350
2236.00 318 260 350
2238.00 318 260 349
2239.00 318 261 349
2241.00 318 261 349
2242.00 318 261 349
2244.00 318 261 349
2246.00 318 261 349
2247.00 318 261 349
2249.00 318 261 349
2250.00 318 261 349
2252.00 318 261 349
2254.00 318 261 349
2255.00 318 260 350
2257.00 317 260 350
2258.00 317 260 350
2260.00 317 259 350
2263.00 317 259 349
2264.00 317 259 350
2266.00 317 259 350
2267.00 317 259 349
2269.00 317 259 349
2271.00 316 259 349
2272.00 316 258 350
2274.00 316 258 349
2275.00 317 257 349
2277.00 317 257 349
2279.00 316 257 349
2280.00 317 257 349
2282.00 317 256 349
2283.00 317 257 349
2285.00 317 256 349
2287.00 317 256 349
2288.00 317 257 350
2290.00 317 257 349
2291.00 317 257 349
2293.00 317 258 349
2295.00 317 258 349
2296.00 317 258 349
2298.00 317 258 349
2299.00 317 258 349
2301.00 317 258 349
2304.00 317 258 349
2305.00 317 258 350
2307.00 317 258 350
2308.00 317 258 350
2310.00 317 258 350
2312.00 317 258 351
2313.00 317 257 351
2315.00 317 257 351
2316.00 317 257 351
2318.00 317 257 351
2320.00 317 258 351
2321.00 317 258 351
2323.00 317 258 350
2324.00 318 258 350
2326.00 318 258 350
2328.00 318 258 349
2329.00 318 258 349
2331.00 318 258 348
2332.00 318 257 348
2334.00 318 257 348
2336.00 319 257 347
2337.00 319 256 347
2339.00 319 256 346
2340.00 320 253 346
2342.00 320 257 341
2344.00 318 251 345
2345.00 319 260 345
2348.00 318 259 344
2349.00 317 262 342
2351.00 316 265 344
2353.00 314 268 340
2354.00 313 270 340
2356.00 312 273 338
2357.00 310 276 336
2359.00 309 280 335
2361.00 308 277 334
2362.00 307 282 330
2364.00 307 281 328
2365.00 307 282 326
2367.00 307 281 321
2369.00 308 283 322
2370.00 309 285 327
2372.00 310 279 327
2373.00 310 277 328
2375.00 312 275 330
2377.00 314 274 332
2378.00 316 274 332
2380.00 318 269 333
2381.00 320 268 335
2383.00 322 267 335
2385.00 324 264 336
2386.00 325 262 336
2388.00 326 259 335
2390.00 326 256 335
2392.00 326 254 336
2394.00 325 251 336
2395.00 324 248 335
2397.00 324 247 337
2398.00 324 245 337
2400.00 323 245 334
2402.00 322 243 339
2403.00 320 242 339
2405.00 320 241 339
2406.00 318 242 338
2408.00 316 238 333
2410.00 315 240 329
2411.00 314 244 323
2413.00 314 244 317
2414.00 312 246 311
2416.00 304 222 286
2418.00 303 265 294
2419.00 291 275 297
2421.00 289 247 293
2422.00 290 246 294
2424.00 293 262 289
2426.00 303 258 290
2427.00 311 261 285
2429.00 312 262 282
2430.00 317 253 285
2433.00 324 255 285
2435.00 329 260 286
2436.00 333 255 289
2438.00 331 255 290
2439.00 333 252 297
2441.00 346 251 278
2443.00 371 255 343
2444.00 391 261 377
2446.00 359 266 340
2447.00 336 243 355
2449.00 343 249 410
2451.00 351 232 438
2452.00 361 222 517
2454.00 379 266 571
2455.00 404 315 604
2457.00 455 316 625
2459.00 427 265 470
2460.00 354 213 349
2462.00 341 229 286
2463.00 343 233 279
2465.00 322 249 214
2467.00 286 260 181
2468.00 274 251 147
2470.00 274 241 163
2471.00 275 256 178
2473.00 279 263 184
2476.00 289 262 218
2477.00 304 260 279
2479.00 320 262 348
2480.00 336 264 435
2482.00 354 275 522
2484.00 377 283 553
2485.00 372 266 531
2487.00 353 259 455
2488.00 336 266 387
2490.00 328 263 338
2492.00 318 248 323
2493.00 309 260 303
2495.00 303 272 276
2496.00 298 266 263
2498.00 298 260 270
2500.00 302 259 285
2501.00 308 263 295
2503.00 312 259 310
2504.00 316 250 342
2506.00 323 249 391
2508.00 335 269 433
2509.00 346 274 442
2511.00 339 260 428
2512.00 333 261 400
2514.00 333 272 366
2516.00 329 271 344
2518.00 318 260 333
2520.00 313 259 319
2521.00 311 263 310
2523.00 311 258 311
2525.00 311 252 318
2526.00 310 248 325
2528.00 313 253 334
2529.00 319 257 356
2531.00 321 255 381
2533.00 324 261 390
2534.00 327 262 391
2536.00 327 265 381
2537.00 323 261 366
2539.00 319 258 353
2541.00 319 261 343
2542.00 318 262 340
2544.00 315 259 339
2545.00 314 258 340
2547.00 315 256 343
2549.00 318 256 353
2550.00 318 256 358
2552.00 318 256 358
2553.00 319 257 359
2555.00 321 259 360
2557.00 321 260 361
2558.00 321 262 357
2561.00 320 262 349
2562.00 318 260 348
2564.00 318 259 352
2566.00 320 262 353
2567.00 319 261 350
2569.00 317 255 350
2570.00 316 257 351
2572.00 318 258 354
2574.00 319 260 352
2575.00 317 257 350
2577.00 316 257 352
2578.00 318 260 352
2580.00 319 263 353
2582.00 318 260 351
2583.00 316 258 351
2585.00 317 261 351
2586.00 319 263 353
2588.00 318 259 351
2590.00 317 257 351
2591.00 318 259 351
2593.00 319 261 350
2594.00 318 258 350
2596.00 317 258 351
2598.00 319 260 352
2599.00 320 262 353
2601.00 319 260 350
2603.00 317 258 351
2605.00 318 259 353
2607.00 320 262 353
2608.00 319 261 352
2610.00 317 258 351
2611.00 318 259 350
2613.00 319 261 352
2615.00 319 260 353
2616.00 318 260 351
2618.00 318 259 349
2619.00 318 259 351
2621.00 319 260 354
2623.00 318 260 353
2624.00 318 259 349
2626.00 317 259 349
2627.00 318 259 354
2629.00 318 259 354
2631.00 318 259 351
2632.00 317 258 351
2634.00 317 258 353
2635.00 317 260 352
2637.00 317 259 353
2639.00 317 260 351
2640.00 317 259 353
2642.00 317 260 351
2643.00 317 261 351
2646.00 317 260 352
2648.00 317 261 352
2649.00 317 260 350
2651.00 317 260 351
2652.00 317 260 352
2654.00 317 260 352
2656.00 317 259 352
2657.00 316 261 352
2659.00 316 260 351
2660.00 316 259 352
2662.00 316 260 352
2664.00 317 261 353
2665.00 317 260 351
2667.00 316 258 349
2668.00 316 259 352
2670.00 318 260 353
2672.00 317 260 351
2673.00 316 258 350
2675.00 316 258 351
2676.00 318 260 352
2678.00 318 260 352
2680.00 317 259 351
2681.00 317 260 351
2683.00 318 260 351
2684.00 318 260 352
2686.00 318 259 352
2689.00 318 260 351
2690.00 318 259 349
2692.00 317 258 351
2693.00 318 260 353
2695.00 319 261 352
2697.00 318 259 350
2698.00 317 258 352
2700.00 318 260 352
2701.00 319 261 352
2703.00 318 259 351
2705.00 318 260 351
2706.00 318 260 352
2708.00 319 260 350
2709.00 319 260 351
2711.00 318 260 352
2713.00 319 260 351
2714.00 319 260 350
2716.00 318 259 352
2717.00 318 260 352
2719.00 319 261 351
2721.00 319 260 351
2722.00 318 259 351
2724.00 318 259 351
2725.00 319 260 352
2727.00 319 260 351
2729.00 318 260 352
2731.00 318 260 351
2733.00 318 258 351
2734.00 318 260 353
2736.00 319 261 353
2738.00 318 259 351
2739.00 318 259 351
2741.00 318 260 352
2742.00 319 261 352
2744.00 318 260 351
2746.00 317 260 350
2747.00 318 260 351
2749.00 318 260 352
2750.00 318 260 352
2752.00 318 260 351
2754.00 317 259 351
2755.00 318 259 351
2757.00 318 259 352
2758.00 318 260 352
2760.00 318 260 351
2762.00 318 259 350
2763.00 317 259 352
2765.00 318 260 352
2766.00 318 260 352
2768.00 318 259 351
2770.00 317 259 351
2771.00 318 260 352
2774.00 318 260 351
2775.00 318 260 352
2777.00 318 260 352
2779.00 318 259 351
2780.00 318 259 352
2782.00 318 259 352
2783.00 318 260 353
2785.00 318 260 352
2787.00 317 259 351
2788.00 317 259 352
2790.00 317 259 353
2791.00 318 260 353
2793.00 317 260 351
2795.00 317 259 352
2796.00 317 259 352
2798.00 317 260 353
2799.00 318 260 352
2801.00 317 260 351
2803.00 317 259 350
2804.00 317 259 352
2806.00 318 260 352
2807.00 318 260 352
2809.00 317 259 351
2811.00 317 259 351
2812.00 317 260 352
2814.00 318 260 352
2816.00 318 260 351
2818.00 317 259 351
2820.00 317 259 351
2821.00 317 260 352
2823.00 318 260 352
2824.00 318 260 351
2826.00 317 260 351
2828.00 317 260 351
2829.00 318 260 352
2831.00 318 260 352
2832.00 318 260 352
2834.00 318 259 351
2836.00 317 259 351
2837.00 317 259 352
2839.00 318 260 352
2840.00 318 260 352
2842.00 317 259 351
2844.00 317 259 351
2845.00 317 259 352
2847.00 318 260 352
2848.00 317 260 352
2850.00 317 259 352
2852.00 317 259 352
2853.00 317 260 352
2855.00 318 260 353
2856.00 318 260 352
2859.00 317 260 351
2861.00 317 259 351
2862.00 318 260 353
2864.00 318 260 352
2865.00 317 260 351
2867.00 317 259 351
2869.00 317 259 352
2870.00 318 259 353
2872.00 318 260 353
2873.00 317 259 352
2875.00 317 259 352
2877.00 317 259 352
2878.00 318 259 353
2880.00 318 260 353
2881.00 317 260 352
2883.00 317 259 352
2885.00 317 259 352
2886.00 318 260 353
2888.00 318 260 352
2889.00 317 259 351
2891.00 317 259 351
2893.00 317 259 352
2894.00 318 260 352
2896.00 318 259 352
2897.00 318 260 352
2899.00 318 260 351
2902.00 318 259 352
2903.00 318 260 353
2905.00 318 260 352
2906.00 317 260 352
2908.00 317 260 351
2910.00 317 260 352
2911.00 318 260 352
2913.00 318 260 352
2914.00 318 260 351
2916.00 317 260 352
2918.00 318 260 352
2919.00 318 260 352
2921.00 318 260 352
2922.00 318 260 351
2924.00 318 259 351
2926.00 318 260 352
2927.00 318 260 353
2929.00 318 260 352
2930.00 318 260 351
2932.00 318 260 352
2934.00 318 260 353
2935.00 318 260 353
2937.00 318 259 352
2938.00 317 259 352
2940.00 317 259 352
2942.00 318 259 352
2944.00 318 259 353
2946.00 318 259 352
2947.00 317 259 352
2949.00 318 259 352
2951.00 318 259 353
2952.00 318 259 353
2954.00 318 259 351
2955.00 318 259 351
2957.00 318 259 352
2959.00 318 259 352
2960.00 318 260 352
2962.00 318 260 351
2963.00 318 260 351
2965.00 318 260 352
2967.00 318 260 352
2968.00 318 260 352
2970.00 318 260 352
2971.00 317 260 351
2973.00 317 259 351
2975.00 317 259 352
2976.00 318 260 352
2978.00 318 259 351
2979.00 317 259 351
2981.00 317 259 352
2983.00 318 260 352
2984.00 318 260 352
2987.00 318 260 351
2988.00 318 260 351
2990.00 317 259 351
2992.00 317 260 351
2993.00 317 260 351
2995.00 317 260 351
2996.00 317 260 350
2998.00 317 260 351
3000.00 317 260 352
3001.00 318 260 352
3003.00 317 259 351
3004.00 317 259 352
3006.00 317 259 353
3008.00 317 259 352
3009.00 317 259 352
3011.00 317 259 351
3012.00 317 259 351
3014.00 317 259 352
3016.00 317 260 352
3017.00 317 260 352
3019.00 317 260 351
3020.00 317 259 351
3022.00 317 259 352
3024.00 318 259 352
3025.00 317 260 352
3027.00 317 259 351
3028.00 318 260 351
3031.00 318 259 351
3033.00 318 260 352
3034.00 318 260 352
3036.00 317 260 351
3037.00 317 259 352
3039.00 317 260 352
3041.00 317 260 352
3042.00 317 260 352
3044.00 317 260 352
3045.00 317 259 352
3047.00 317 259 352
3049.00 317 260 352
3050.00 317 260 351
3052.00 317 259 351
3053.00 317 259 352
3055.00 317 260 352
3057.00 318 260 352
3058.00 318 260 352
3060.00 318 259 352
3061.00 318 260 352
3063.00 318 260 352
3065.00 318 260 352
3066.00 318 260 352
3068.00 318 260 351
3069.00 318 260 351
3072.00 318 260 352
3074.00 318 260 351
3075.00 317 260 351
3077.00 318 259 351
3078.00 317 259 352
3080.00 317 260 352
3082.00 318 260 352
3083.00 317 260 352
3085.00 317 259 352
3086.00 317 259 352
3088.00 317 260 352
3090.00 317 260 351
3091.00 316 260 351
3093.00 316 260 350
3094.00 317 260 350
3096.00 317 261 350
3098.00 317 261 350
3099.00 317 261 351
3101.00 317 260 351
3102.00 318 260 352
3104.00 317 260 353
3106.00 316 258 353
3107.00 316 258 353
3109.00 316 260 354
3110.00 317 261 354
3112.00 317 262 352
3115.00 317 262 352
3116.00 317 261 350
3118.00 318 260 349
3119.00 318 261 350
3121.00 318 261 351
3123.00 319 260 351
3124.00 319 260 352
3126.00 320 259 352
3127.00 320 259 353
3129.00 320 259 353
3131.00 320 259 353
3132.00 320 259 353
3134.00 320 258 352
3135.00 319 259 352
3137.00 319 259 352
3139.00 318 259 351
3140.00 317 259 351
3142.00 317 259 351
3143.00 317 260 351
3145.00 317 259 352
3147.00 317 259 353
3148.00 317 259 353
3150.00 317 259 354
3151.00 317 259 353
3153.00 317 260 352
3155.00 317 259 352
3156.00 317 259 352
3159.00 317 259 352
3160.00 318 260 351
3162.00 317 260 351
3164.00 317 260 350
3165.00 318 259 351
3167.00 318 259 351
3168.00 318 260 351
3170.00 318 260 351
3172.00 318 260 352
3173.00 318 259 352
3175.00 318 259 351
3176.00 318 259 351
3178.00 318 259 351
3180.00 319 259 351
3181.00 319 259 352
3183.00 319 259 352
3184.00 319 260 352
3186.00 318 259 352
3188.00 318 259 351
3189.00 318 259 351
3191.00 318 259 351
3192.00 318 259 351
3194.00 318 260 350
3196.00 318 260 351
3197.00 318 260 351
3200.00 318 260 352
3201.00 318 260 352
3203.00 318 260 352
3205.00 318 259 352
3206.00 318 259 352
3208.00 318 259 352
3209.00 318 259 352
3211.00 317 260 351
3213.00 317 259 351
3214.00 318 259 351
3216.00 318 259 350
3217.00 318 260 350
3219.00 318 260 350
3221.00 318 259 350
3222.00 318 259 350
3224.00 318 260 350
3225.00 318 260 351
3227.00 318 259 351
3229.00 318 259 351
3230.00 318 259 351
3232.00 318 259 352
3233.00 317 260 351
3235.00 315 263 350
3237.00 314 264 349
3238.00 313 262 347
3240.00 313 260 345
3241.00 313 258 346
3244.00 314 257 346
3246.00 315 256 348
3247.00 317 256 350
3249.00 318 257 351
3250.00 319 258 354
3252.00 320 260 358
3254.00 320 263 358
3255.00 320 263 358
3257.00 319 263 355
3258.00 319 263 354
3260.00 318 261 352
3262.00 317 260 350
3263.00 316 260 350
3265.00 316 261 349
3266.00 315 260 348
3268.00 315 260 348
3270.00 315 260 349
3271.00 315 259 349
3273.00 315 258 350
3274.00 315 258 350
3276.00 316 257 351
3278.00 316 257 352
3279.00 318 258 355
3281.00 319 260 356
3282.00 319 261 358
3284.00 319 262 358
3287.00 318 262 358
3288.00 317 263 357
3290.00 317 265 355
3291.00 316 263 355
3293.00 315 261 354
3295.00 315 260 353
3296.00 314 258 352
3298.00 313 256 350
3299.00 313 257 348
3301.00 313 259 347
3303.00 314 259 347
3304.00 315 260 346
3306.00 316 260 347
3307.00 317 261 348
3309.00 318 260 349
3311.00 319 259 352
3312.00 320 259 354
3314.00 321 259 356
3315.00 321 259 356
3317.00 321 258 355
3319.00 321 258 355
3320.00 322 258 353
3322.00 321 258 351
3323.00 321 259 350
3325.00 321 260 349
3328.00 320 260 347
3329.00 319 260 347
3331.00 319 260 346
3332.00 318 260 346
3334.00 318 259 347
3336.00 318 260 348
3337.00 317 260 349
3339.00 317 260 350
3340.00 317 260 351
3342.00 317 260 353
3344.00 317 260 353
3345.00 317 261 353
3347.00 317 261 352
3348.00 317 261 352
3350.00 317 260 352
3352.00 316 259 353
3353.00 316 259 353
3355.00 316 258 353
3356.00 316 258 353
3358.00 316 258 352
3360.00 317 258 351
3361.00 317 258 351
3363.00 317 259 350
3364.00 317 259 350
3366.00 318 259 350
3368.00 318 259 350
3369.00 318 260 350
3372.00 319 260 351
3373.00 319 260 351
3375.00 319 259 351
3377.00 319 259 351
3378.00 319 259 351
3380.00 319 259 352
3381.00 318 259 352
3383.00 318 259 352
3385.00 318 260 351
3386.00 317 260 351
3388.00 317 260 351
3389.00 317 259 351
3391.00 316 259 351
3393.00 316 260 351
3394.00 316 260 351
3396.00 316 260 351
3397.00 316 260 351
3399.00 316 260 351
3401.00 316 260 350
3402.00 317 260 351
3404.00 317 260 351
3405.00 318 259 351
3407.00 318 259 351
3409.00 318 259 351
3410.00 318 259 352
3412.00 319 259 352
3414.00 319 259 352
3416.00 319 259 352
3418.00 319 259 352
3419.00 319 260 352
3421.00 319 259 352
3422.00 318 259 351
3424.00 318 260 352
3426.00 318 260 351
3427.00 317 260 351
3429.00 317 260 351
3430.00 317 260 351
3432.00 317 260 351
3434.00 317 260 351
3435.00 317 260 351
3437.00 317 260 351
3438.00 316 259 351
3440.00 317 259 351
3442.00 317 260 351
3443.00 317 260 352
3445.00 317 259 351
3446.00 317 259 351
3448.00 317 259 352
3450.00 318 260 352
3451.00 318 259 352
3453.00 318 259 352
3454.00 318 259 352
3457.00 318 259 352
3459.00 318 259 351
3460.00 318 259 351
3462.00 318 259 351
3463.00 318 259 351
3465.00 318 259 351
3467.00 318 260 351
3468.00 318 259 351
3470.00 318 259 351
3471.00 318 260 351
3473.00 317 260 351
3475.00 317 260 351
3476.00 317 259 352
3478.00 317 259 351
3479.00 317 259 352
3481.00 317 260 352
3483.00 317 260 352
3484.00 318 259 352
3486.00 317 259 352
3487.00 317 260 351
3489.00 317 260 351
3491.00 317 260 351
3492.00 317 259 351
3494.00 318 259 351
3495.00 318 259 351
3497.00 318 260 351
3500.00 318 259 351
3501.00 318 259 352
3503.00 318 259 351
3504.00 318 260 351
3506.00 318 260 351
3508.00 318 260 351
3509.00 318 259 352
3511.00 318 260 352
3512.00 318 260 351
3514.00 317 260 351
3516.00 318 260 351
3517.00 318 260 351
3519.00 317 260 351
3520.00 317 260 351
3522.00 317 259 351
3524.00 318 259 351
3525.00 317 259 351
3527.00 317 259 351
3528.00 317 260 351
3530.00 317 260 351
3532.00 317 260 351
3533.00 318 259 352
3535.00 318 260 352
3536.00 318 259 352
3538.00 318 260 352
3540.00 318 259 352
3542.00 318 259 352
3544.00 318 259 351
3545.00 318 260 351
3547.00 318 260 351
3549.00 318 259 351
3550.00 318 259 351
3552.00 318 260 351
3553.00 317 260 351
3555.00 318 259 351
3557.00 318 259 351
3558.00 317 259 351
3560.00 317 259 351
3561.00 317 260 351
3563.00 317 260 351
3565.00 317 260 351
3566.00 317 260 351
3568.00 317 260 351
3569.00 317 260 351
3571.00 317 260 351
3573.00 317 260 351
3574.00 318 259 352
3576.00 317 259 351
3577.00 318 260 351
3579.00 317 260 351
3581.00 318 259 351
3582.00 318 259 351
3585.00 318 259 351
3586.00 318 260 351
3588.00 318 260 351
3590.00 317 260 351
3591.00 318 259 352
3593.00 318 260 351
3594.00 318 260 351
3596.00 318 260 351
3598.00 318 259 351
3599.00 318 259 352
3601.00 318 259 351
3602.00 318 260 352
3604.00 317 260 351
3606.00 317 260 351
3607.00 317 259 351
3609.00 317 260 351
3610.00 317 260 351
3612.00 317 259 351
3614.00 317 259 351
3615.00 317 259 351
3617.00 317 260 351
3618.00 318 260 351
3620.00 317 259 351
3622.00 318 260 351
3623.00 317 260 352
3625.00 317 260 351
3627.00 318 260 352
3629.00 317 259 351
3631.00 318 259 351
3632.00 318 259 352
3634.00 317 260 351
3635.00 317 259 352
3637.00 318 259 351
3639.00 318 259 351
3640.00 318 260 351
3642.00 318 260 351
3643.00 317 260 352
3645.00 317 259 351
3647.00 317 259 351
3648.00 317 259 351
3650.00 318 260 351
3651.00 317 259 352
3653.00 317 259 351
3655.00 318 259 351
3656.00 318 259 351
3658.00 318 260 351
3659.00 318 260 351
3661.00 318 260 351
3663.00 318 259 351
3664.00 318 260 351
3666.00 318 260 351
3667.00 318 260 351
3670.00 318 260 351
3672.00 318 259 351
3673.00 318 259 351
3675.00 318 260 351
3676.00 318 260 351
3678.00 317 260 351
3680.00 317 260 351
3681.00 317 260 352
3683.00 318 260 351
3684.00 318 260 352
3686.00 318 259 351
3688.00 317 260 351
3689.00 317 260 351
3691.00 317 260 352
3692.00 317 260 351
3694.00 317 260 351
3696.00 317 260 351
3697.00 318 260 351
3699.00 318 260 351
3700.00 318 259 352
3702.00 318 259 351
3704.00 318 259 351
3705.00 318 259 351
3707.00 318 259 351
3708.00 318 259 351
3710.00 318 259 351
3713.00 318 259 351
3714.00 318 259 351
3716.00 318 259 351
3717.00 318 260 352
3719.00 318 260 352
3721.00 318 260 352
3722.00 318 259 352
3724.00 318 259 351
3725.00 317 259 352
3727.00 317 259 351
3729.00 317 259 351
3730.00 317 260 351
3732.00 317 260 351
3733.00 318 260 351
3735.00 318 260 351
3737.00 318 260 351
3738.00 317 260 351
3740.00 318 260 351
3741.00 318 259 351
3743.00 318 259 351
3745.00 318 259 351
3746.00 318 260 352
3748.00 318 260 351
3749.00 318 259 351
3751.00 318 260 351
3753.00 318 260 351
3755.00 318 260 351
3757.00 317 259 351
3758.00 318 259 351
3760.00 318 259 351
3762.00 318 259 351
3763.00 318 259 351
3765.00 317 259 351
3766.00 318 259 351
3768.00 318 259 351
3770.00 318 259 351
3771.00 317 260 351
3773.00 318 259 351
3774.00 318 259 351
3776.00 318 260 351
3778.00 318 260 351
3779.00 318 260 351
3781.00 318 260 351
3782.00 318 259 352
3784.00 318 260 351
3786.00 318 260 352
3787.00 318 259 352
3789.00 318 259 351
3790.00 318 259 351
3792.00 318 259 351
3794.00 317 259 350
3795.00 317 259 350
3798.00 318 260 351
3799.00 318 259 350
3801.00 318 260 351
3803.00 318 260 351
3804.00 318 260 351
3806.00 318 259 352
3807.00 318 260 352
3809.00 318 260 351
3811.00 318 260 351
3812.00 318 260 351
3814.00 318 260 351
3815.00 318 259 351
3817.00 318 260 351
3819.00 317 260 351
3820.00 318 259 351
3822.00 318 259 351
3823.00 317 259 351
3825.00 317 260 351
3827.00 317 259 351
3828.00 317 260 351
3830.00 318 260 351
3831.00 318 260 352
3833.00 318 260 352
3835.00 318 260 352
3836.00 318 260 352
3838.00 318 260 351
3840.00 318 260 352
3842.00 317 260 351
3844.00 317 260 351
3845.00 317 259 351
3847.00 317 259 351
3848.00 317 259 351
3850.00 317 259 350
3852.00 317 259 350
3853.00 317 259 351
3855.00 317 259 351
3856.00 318 260 351
3858.00 317 259 351
3860.00 317 260 351
3861.00 318 260 352
3863.00 318 260 352
3864.00 318 260 352
3866.00 318 260 351
3868.00 318 260 351
3869.00 318 260 352
3871.00 318 260 351
3872.00 318 260 351
3874.00 318 260 351
3876.00 318 260 351
3877.00 318 260 351
3879.00 318 260 351
3880.00 318 260 351
3883.00 318 260 351
3885.00 318 260 351
3886.00 318 260 352
3888.00 318 260 352
3889.00 318 261 352
3891.00 318 260 352
3893.00 318 260 352
3894.00 318 260 352
3896.00 318 260 351
3897.00 318 260 351
3899.00 318 260 351
3901.00 318 259 351
3902.00 318 260 352
3904.00 318 259 351
3905.00 318 260 351
3907.00 318 259 351
3909.00 318 259 351
3910.00 317 259 351
3912.00 317 259 351
3913.00 318 259 351
3915.00 318 259 351
3917.00 318 260 352
3918.00 318 260 352
3920.00 318 260 351
3921.00 318 261 351
3923.00 318 260 351
3926.00 318 259 351
3927.00 318 259 351
3929.00 318 260 351
3930.00 318 260 351
3932.00 318 259 351
3934.00 318 259 351
3935.00 318 259 352
3937.00 317 259 351
3938.00 317 259 351
3940.00 317 260 351
3942.00 317 259 351
3943.00 317 259 351
3945.00 317 260 351
3946.00 318 260 351
3948.00 317 260 351
3950.00 317 260 351
3951.00 318 260 351
3953.00 318 260 351
3954.00 318 261 351
3956.00 318 260 351
3958.00 317 260 351
3959.00 317 259 351
3961.00 318 259 351
3962.00 317 260 351
3964.00 318 260 351
3966.00 318 259 351
3968.00 318 260 351
3970.00 318 260 351
3971.00 318 260 351
3973.00 318 259 351
3975.00 318 259 351
3976.00 317 260 351
3978.00 317 260 351
3979.00 318 260 351
3981.00 318 259 351
3983.00 318 260 351
3984.00 318 260 351
3986.00 318 260 351
3987.00 318 260 351
3989.00 318 260 351
3991.00 318 260 351
3992.00 317 260 351
3994.00 317 260 351
3995.00 318 260 351
3997.00 318 259 351
3999.00 318 260 351
4000.00 318 260 351
4002.00 318 260 351
4003.00 318 260 351
4005.00 318 260 351
4007.00 317 260 351
4008.00 318 260 351
4011.00 317 260 351
4012.00 318 260 351
4014.00 318 259 351
4016.00 318 259 351
4017.00 318 259 351
4019.00 318 259 351
4020.00 318 259 351
4022.00 318 259 351
4024.00 317 259 351
4025.00 318 259 351
4027.00 318 259 351
4028.00 318 259 351
4030.00 318 259 351
4032.00 318 259 351
4033.00 318 260 351
4035.00 318 259 351
4036.00 318 259 351
4038.00 318 259 351
4040.00 318 259 351
4041.00 318 260 351
4043.00 318 260 351
4044.00 317 260 352
4046.00 318 260 351
4048.00 318 260 351
4049.00 318 260 351
4051.00 318 260 351
4052.00 318 260 351
4055.00 318 259 351
4057.00 318 260 351
4058.00 318 259 351
4060.00 318 259 351
4061.00 318 259 351
4063.00 318 259 351
4065.00 318 260 351
4066.00 318 260 351
4068.00 318 260 351
4069.00 318 259 351
4071.00 318 259 351
4073.00 318 260 351
4074.00 318 259 351
4076.00 318 259 351
4077.00 318 259 351
4079.00 318 260 351
4081.00 318 259 351
4082.00 318 260 351
4084.00 318 260 351
4085.00 318 259 351
4087.00 318 259 351
4089.00 318 259 351
4090.00 318 259 352
4092.00 318 259 352
4093.00 318 259 351
4096.00 318 259 351
4098.00 318 259 351
4099.00 318 260 351
4101.00 318 259 351
4102.00 318 259 351
4104.00 318 260 351
4106.00 318 260 351
4107.00 317 259 351
4109.00 318 259 351
4110.00 318 260 351
4112.00 318 259 351
4114.00 318 260 351
4115.00 317 260 351
4117.00 318 260 351
4118.00 318 260 351
4120.00 318 260 351
4122.00 318 259 351
4123.00 318 259 351
4125.00 318 259 351
4126.00 317 260 351
4128.00 318 259 351
4130.00 318 260 351
4131.00 317 259 351
4133.00 318 259 351
4134.00 318 260 351
4136.00 317 260 351
4139.00 318 260 351
4140.00 318 260 351
4142.00 318 260 351
4143.00 318 259 351
4145.00 317 259 351
4147.00 318 259 351
4148.00 318 260 351
4150.00 318 260 351
4151.00 318 260 351
4153.00 318 260 351
4155.00 318 260 351
4156.00 318 260 351
4158.00 318 260 351
4159.00 317 260 351
4161.00 317 259 351
4163.00 317 259 351
4164.00 318 259 352
4166.00 317 259 352
4167.00 318 260 351
4169.00 317 259 351
4171.00 317 259 351
4172.00 317 259 351
4174.00 318 259 351
4175.00 318 260 351
4177.00 318 260 351
4179.00 318 260 351
4180.00 318 259 351
4183.00 318 260 351
4184.00 317 260 351
4186.00 317 260 351
4188.00 317 259 351
4189.00 318 259 352
4191.00 318 259 351
4192.00 318 260 351
4194.00 317 260 351
4196.00 317 260 351
4197.00 317 259 351
4199.00 318 260 351
4200.00 318 260 351
4202.00 318 260 351
4204.00 318 260 351
4205.00 318 260 351
4207.00 318 259 351
4208.00 318 260 350
4210.00 318 259 351
4212.00 318 260 351
4213.00 318 260 351
4215.00 318 260 351
4216.00 318 260 351
4218.00 318 260 351
4220.00 318 259 351
4221.00 318 259 351
4224.00 318 259 351
4225.00 318 259 351
4227.00 318 259 351
4229.00 318 260 351
4230.00 318 260 351
4232.00 318 260 351
4233.00 318 260 351
4235.00 318 259 351
4237.00 318 259 351
4238.00 318 260 351
4240.00 318 260 351
4241.00 318 260 351
4243.00 318 260 351
4245.00 318 260 351
4246.00 318 259 351
4248.00 318 260 351
4249.00 318 260 351
4251.00 318 259 351
4253.00 318 260 351
4254.00 318 260 351
4256.00 318 259 351
4257.00 318 259 351
4259.00 318 259 351
4261.00 317 259 351
4262.00 317 259 351
4264.00 318 259 351
4265.00 318 260 351
4268.00 318 260 351
4270.00 318 260 351
4271.00 318 260 351
4273.00 318 260 351
4274.00 317 260 351
4276.00 318 259 351
4278.00 318 259 351
4279.00 318 260 351
4281.00 317 260 351
4282.00 318 260 351
4284.00 318 259 351
4286.00 318 259 351
4287.00 318 259 351
4289.00 318 260 351
4290.00 318 260 351
4292.00 317 259 351
4294.00 318 259 351
4295.00 318 259 351
4297.00 318 259 351
4298.00 317 260 351
4300.00 318 259 352
4302.00 318 259 351
4303.00 318 260 352
4305.00 318 260 351
4306.00 318 259 351
4308.00 318 259 351
4311.00 318 259 351
4312.00 317 259 351
4314.00 318 259 351
4315.00 318 260 351
4317.00 317 259 351
4319.00 318 260 351
4320.00 318 260 351
4322.00 317 260 351
4323.00 318 260 351
4325.00 318 259 351
4327.00 317 260 351
4328.00 317 260 351
4330.00 318 260 351
4331.00 317 260 351
4333.00 318 260 351
4335.00 317 260 351
4336.00 318 260 352
4338.00 317 260 351
4339.00 317 260 351
4341.00 317 259 351
4343.00 317 260 351
4344.00 317 260 351
4346.00 317 260 351
4347.00 317 260 351
4349.00 318 260 351
4352.00 318 260 351
4353.00 317 260 351
4355.00 318 260 351
4356.00 318 260 351
4358.00 317 260 352
4360.00 318 260 351
4361.00 318 260 352
4363.00 318 260 351
4364.00 318 260 351
4366.00 318 259 351
4368.00 318 259 351
4369.00 318 259 351
4371.00 318 260 351
4372.00 318 260 351
4374.00 318 260 352
4376.00 318 260 352
4377.00 318 260 352
4379.00 318 260 352
4380.00 318 260 352
4382.00 318 260 352
4384.00 318 260 352
4385.00 319 260 352
4387.00 319 260 352
4388.00 320 261 354
4390.00 320 261 353
4392.00 319 261 352
4393.00 318 260 352
4396.00 319 261 352
4397.00 319 261 352
4399.00 319 261 352
4401.00 319 260 351
4402.00 318 260 351
4404.00 318 260 351
4405.00 319 260 352
4407.00 318 260 351
4409.00 318 260 352
4410.00 318 260 352
4412.00 319 260 352
4413.00 318 260 352
4415.00 318 260 352
4417.00 318 260 352
4418.00 318 259 352
4420.00 318 259 351
4421.00 318 260 351
4423.00 318 260 351
4425.00 318 260 351
4426.00 318 260 351
4428.00 318 260 351
4429.00 318 260 351
4431.00 318 260 351
4433.00 317 260 352
4434.00 318 260 352
4436.00 318 260 352
4438.00 318 260 352
4440.00 318 260 351
4442.00 318 260 351
4443.00 318 260 351
4445.00 318 260 351
4446.00 318 260 351
4448.00 318 260 351
4450.00 318 260 351
4451.00 318 260 351
4453.00 317 259 351
4454.00 317 260 351
4456.00 318 259 351
4458.00 318 259 351
4459.00 318 260 351
4461.00 318 260 351
4462.00 318 260 351
4464.00 318 260 352
4466.00 318 260 352
4467.00 318 260 352
4469.00 318 260 351
4470.00 318 260 351
4472.00 318 260 350
4474.00 318 260 350
4475.00 318 259 351
4477.00 318 259 351
4478.00 318 260 351
4481.00 318 260 351
4483.00 318 260 351
4484.00 318 260 351
4486.00 318 260 351
4487.00 318 260 351
4489.00 318 260 352
4491.00 318 260 351
4492.00 318 260 352
4494.00 318 259 352
4495.00 318 259 351
4497.00 318 260 351
4499.00 318 260 351
4500.00 317 260 352
4502.00 317 260 351
4503.00 317 260 351
4505.00 317 260 351
4507.00 317 260 351
4508.00 317 259 351
4510.00 318 260 351
4511.00 318 260 351
4513.00 318 260 351
