
1.00 314 261 352
2.00 315 261 353
4.00 314 261 353
7.00 314 261 353
26.00 314 261 352
46.00 314 261 352
65.00 315 262 352
86.00 314 262 352
105.00 314 261 350
125.00 315 261 352
147.00 314 261 351
167.00 315 262 352
188.00 315 261 352
209.00 314 261 351
230.00 314 261 352
250.00 314 261 353
271.00 315 262 354
292.00 315 261 353
313.00 315 262 353
333.00 315 261 353
355.00 315 261 352
375.00 314 260 351
396.00 316 261 353
417.00 314 261 351
438.00 314 263 352
458.00 314 261 352
480.00 314 260 352
500.00 314 260 352
521.00 315 262 351
542.00 314 261 351
563.00 314 260 352
583.00 314 261 353
604.00 314 261 352
625.00 315 261 352
646.00 314 260 352
666.00 314 261 352
688.00 314 262 352
708.00 314 262 353
729.00 314 261 352
750.00 315 261 352
771.00 315 261 351
791.00 314 260 352
813.00 314 261 352
833.00 314 262 353
854.00 314 261 353
875.00 314 260 352
896.00 315 261 351
916.00 315 261 352
936.00 315 262 351
958.00 315 262 353
978.00 314 260 352
999.00 315 260 352
1020.00 315 261 351
1042.00 314 261 351
1063.00 314 262 353
1086.00 315 262 353
1107.00 313 261 352
1129.00 314 260 352
1152.00 315 260 351
1173.00 315 261 351
1195.00 315 260 351
1217.00 315 261 351
1239.00 314 263 351
1260.00 314 262 352
1283.00 315 263 352
1304.00 315 261 352
1326.00 314 259 351
1348.00 314 257 351
1370.00 315 260 352
1391.00 315 262 353
1414.00 316 263 352
1435.00 315 262 353
1457.00 315 261 353
1479.00 315 260 354
1501.00 316 263 354
1522.00 314 261 353
1545.00 314 260 353
1566.00 315 262 353
1588.00 315 262 353
1610.00 314 260 352
1632.00 314 261 352
1653.00 315 259 352
1676.00 315 260 353
1697.00 314 262 352
1719.00 315 262 352
1741.00 315 261 351
1763.00 315 261 351
1784.00 314 261 352
1807.00 315 262 352
1828.00 315 264 352
1850.00 316 259 351
1871.00 316 259 350
1894.00 315 260 353
1915.00 314 261 355
1937.00 314 263 356
1959.00 315 261 356
1981.00 315 260 353
2002.00 315 262 352
2025.00 314 261 353
2046.00 314 261 354
2068.00 315 262 354
2091.00 315 260 351
2112.00 315 262 348
2134.00 315 261 349
2156.00 315 261 351
2178.00 315 259 353
2199.00 315 258 354
2222.00 315 260 354
2243.00 314 259 353
2265.00 314 258 354
2287.00 314 262 356
2309.00 315 262 357
2330.00 315 255 355
2353.00 317 254 351
2374.00 317 257 348
2396.00 314 264 349
2418.00 312 268 353
2440.00 314 270 354
2461.00 315 265 349
2484.00 315 260 344
2505.00 314 259 343
2527.00 314 259 347
2549.00 314 259 351
2571.00 314 261 352
2592.00 313 262 351
2615.00 314 263 351
2636.00 314 263 352
2658.00 314 267 352
2680.00 313 265 352
2702.00 313 262 352
2723.00 314 261 350
2746.00 314 260 348
2767.00 314 259 348
2789.00 315 257 348
2811.00 315 257 349
2833.00 315 260 352
2854.00 314 259 352
2877.00 314 260 352
2898.00 315 260 351
2920.00 314 260 351
2942.00 315 261 351
2964.00 315 261 353
2985.00 313 261 351
3008.00 313 261 353
3030.00 313 261 353
3051.00 313 261 352
3074.00 314 260 351
3095.00 313 261 350
3117.00 313 261 348
3139.00 314 261 348
3161.00 314 263 348
3182.00 315 264 349
3205.00 315 261 349
3226.00 313 264 349
3248.00 313 260 350
3269.00 313 261 351
3292.00 313 262 352
3313.00 313 259 351
3335.00 314 259 350
3357.00 313 260 350
3379.00 312 262 351
3400.00 312 263 354
3423.00 313 264 355
3444.00 313 262 351
3466.00 314 262 349
3488.00 314 261 349
3510.00 313 262 349
3531.00 314 260 349
3554.00 315 260 351
3575.00 313 261 349
3597.00 314 263 349
3619.00 314 261 348
3641.00 313 260 350
3662.00 313 261 350
3685.00 313 262 349
3706.00 314 259 351
3728.00 314 261 348
3750.00 314 262 350
3772.00 314 260 346
3793.00 316 257 346
3816.00 316 258 346
3837.00 306 281 355
3859.00 311 264 355
3881.00 310 262 335
3903.00 315 243 352
3924.00 321 248 371
3947.00 320 257 351
3969.00 317 263 344
3990.00 316 264 349
4013.00 317 274 345
4034.00 314 263 334
4056.00 313 260 340
4078.00 314 261 346
4100.00 314 260 352
4121.00 313 257 355
4144.00 312 262 347
4165.00 314 264 344
4187.00 315 263 349
4209.00 313 262 340
4231.00 314 256 353
4252.00 315 257 357
4275.00 315 262 351
4296.00 314 260 351
4318.00 313 261 350
4340.00 314 262 351
4362.00 313 260 348
4383.00 313 260 341
4406.00 314 257 346
4427.00 314 259 349
4449.00 314 265 347
4471.00 313 262 348
4493.00 312 262 347
4514.00 312 264 351
4537.00 312 266 353
4558.00 313 271 352
4580.00 313 266 349
4602.00 312 259 346
4624.00 315 257 347
4645.00 313 255 346
4667.00 315 258 347
4689.00 313 261 346
4711.00 313 263 347
4732.00 314 261 347
4755.00 313 257 346
4776.00 314 259 345
4798.00 313 262 344
4820.00 313 262 346
4842.00 313 263 347
4864.00 312 262 347
4886.00 311 263 348
4908.00 312 263 350
4929.00 311 261 350
4952.00 313 260 348
4973.00 313 260 346
4995.00 312 261 346
5017.00 312 259 347
5039.00 313 260 349
5060.00 313 262 347
5083.00 312 261 347
5104.00 313 261 347
5126.00 313 261 347
5148.00 312 261 348
5170.00 311 260 349
5191.00 312 262 350
5214.00 312 263 350
5235.00 312 260 349
5257.00 313 258 350
5279.00 313 259 350
5301.00 315 258 348
5322.00 317 254 341
5345.00 319 251 337
5366.00 322 259 333
5388.00 289 294 308
5410.00 320 228 333
5432.00 338 254 326
5453.00 362 258 502
5476.00 279 239 242
5497.00 349 271 499
5519.00 288 249 271
5541.00 308 255 359
5563.00 329 274 397
5584.00 307 268 325
5607.00 310 264 351
5628.00 316 261 376
5650.00 309 264 343
5672.00 313 261 349
5694.00 317 260 368
5715.00 315 264 354
5738.00 313 262 353
5760.00 315 261 363
5781.00 314 262 357
5804.00 314 261 356
5825.00 316 261 361
5847.00 315 261 359
5869.00 314 261 357
5891.00 315 263 359
5912.00 314 262 358
5935.00 314 262 357
5956.00 315 263 359
5978.00 314 262 358
6000.00 314 263 358
6022.00 315 262 358
6043.00 316 261 357
6065.00 316 260 359
6087.00 316 262 359
6109.00 314 263 357
6130.00 314 265 359
6153.00 314 264 359
6174.00 316 264 355
6196.00 318 262 358
6218.00 317 261 358
6240.00 317 261 360
6261.00 317 265 360
6284.00 314 259 359
6305.00 316 259 360
6327.00 317 259 359
6349.00 317 260 360
6371.00 318 261 361
6392.00 319 262 364
6415.00 317 262 359
6436.00 318 262 362
6458.00 319 263 360
6480.00 318 262 361
6502.00 318 263 362
6523.00 317 263 361
6546.00 324 262 361
6567.00 309 248 348
6589.00 317 257 367
6611.00 316 260 355
6633.00 319 263 361
6654.00 319 263 364
6677.00 313 265 356
6699.00 316 247 367
6720.00 317 265 360
6743.00 314 269 348
6764.00 322 261 369
6786.00 316 260 354
6808.00 317 261 358
6830.00 317 263 360
6851.00 316 260 356
6874.00 317 261 362
6895.00 317 262 357
6917.00 317 262 357
6939.00 317 261 360
6961.00 316 261 357
6982.00 317 261 359
7005.00 317 262 359
7026.00 319 264 354
7048.00 315 258 356
7070.00 318 263 361
7092.00 318 261 357
7113.00 316 266 359
7136.00 318 257 358
7157.00 316 262 358
7179.00 317 261 360
7201.00 317 262 357
7223.00 316 263 356
7244.00 317 262 357
7267.00 317 262 361
7288.00 315 261 358
7310.00 316 261 357
7332.00 315 261 357
7354.00 316 261 357
7375.00 316 261 357
7398.00 316 261 356
7419.00 316 261 358
7441.00 315 261 357
7462.00 316 261 356
7485.00 316 261 358
7506.00 316 261 357
7528.00 316 261 357
7550.00 316 261 357
7572.00 316 261 358
7593.00 316 261 357
7616.00 316 261 357
7638.00 316 261 357
7659.00 316 260 357
7682.00 316 262 357
7703.00 316 261 357
7725.00 316 261 356
7747.00 316 261 357
7769.00 316 261 357
7790.00 315 260 357
7813.00 316 261 357
7834.00 317 262 358
7856.00 317 261 358
7878.00 317 262 358
7900.00 316 261 357
7921.00 317 262 359
